1171.799
896.272
861.363
965.191
1092.227
1057.226
663.236
1025.019
625.269
548.966
659.911
663.199
601.956
679.910
869.724
897.093
729.125
508.373
467.829
460.077
481.408
574.946
748.465
840.365
633.082
604.829
581.628
549.969
483.030
616.031
569.761
558.291
624.930
1003.296
1288.715
1245.740
989.761
897.243
901.087
876.924
871.341
867.422
848.547
853.634
839.899
806.116
814.319
789.719
846.118
842.770
815.258
795.077
823.369
802.810
794.298
807.550
820.395
884.380
780.162
902.975
1124.324
960.063
830.004
728.226
737.887
929.036
1305.649
1099.283
1161.628
1277.769
896.063
755.196
738.875
757.989
711.522
736.120
723.162
719.544
835.314
1264.357
1288.646
1306.650
1315.345
1265.772
1297.018
1229.715
922.643
