766.000
746.012
690.249
686.612
690.000
679.143
662.126
605.685
540.928
546.472
608.457
664.128
649.575
649.267
627.322
620.700
623.241
638.102
622.240
650.191
623.395
614.078
607.302
632.943
613.000
585.742
613.154
607.225
612.461
609.766
606.609
614.155
579.890
619.160
613.000
627.630
609.997
614.309
628.785
662.588
613.000
642.722
617.928
620.931
601.296
645.956
610.074
609.304
631.788
642.106
582.431
613.000
613.000
625.551
661.972
606.378
627.476
631.403
646.341
633.251
613.000
613.000
604.915
592.980
645.340
659.200
589.592
586.820
576.040
613.000
613.000
626.321
688.306
643.646
616.850
613.000
583.278
