1323.211
1313.879
1214.162
1080.406
1015.663
1018.361
1039.276
982.035
1006.493
999.020
924.213
883.771
801.168
811.051
767.451
865.464
977.312
960.924
977.827
949.452
963.443
955.340
914.181
938.712
940.888
912.509
978.192
949.209
936.449
987.332
928.958
929.568
888.588
876.375
890.698
944.737
894.041
891.109
860.912
886.916
922.997
888.626
883.049
875.490
922.845
858.060
872.463
930.066
861.217
862.506
922.730
878.148
893.951
937.600
892.731
862.961
942.514
864.718
903.146
994.721
931.419
870.127
944.515
946.510
901.014
922.105
918.741
879.984
934.960
955.817
871.843
852.945
920.603
933.088
883.861
967.044
836.017
839.692
861.637
881.079
876.293
908.516
957.863
926.022
856.898
867.576
945.826
916.252
948.644
950.186
924.517
894.837
893.319
865.020
846.156
846.242
890.056
949.385
948.761
950.359
876.808
850.408
830.898
821.380
878.093
886.175
889.642
904.091
934.416
975.392
949.711
909.230
871.571
909.165
875.415
823.742
953.872
