398.374
431.520
523.934
496.261
463.129
372.823
439.493
461.172
448.624
446.003
447.195
489.447
503.857
507.625
496.677
485.682
502.594
479.888
494.325
468.733
430.283
485.399
488.750
374.857
433.009
383.481
488.474
462.925
463.844
478.522
469.130
514.112
442.326
444.624
491.638
484.063
486.313
506.315
497.444
493.795
498.833
490.484
508.649
483.019
515.679
500.256
493.718
255.040
77.737
55.628
73.847
157.809
91.133
102.217
366.183
441.835
495.477
478.411
529.077
502.632
499.838
486.806
497.189
496.760
475.238
465.417
473.212
469.941
496.746
500.482
492.243
495.378
513.092
452.680
432.370
387.668
505.657
489.298
88.899
88.968
91.720
