2059.928
2110.815
2108.736
2035.816
2056.299
2058.996
2044.176
2036.143
2089.640
2053.327
2081.345
2066.694
2083.942
2052.962
2065.318
2045.408
2065.693
2051.396
2041.440
2061.002
2042.980
2050.332
2055.728
2041.060
2057.324
2056.032
2023.667
2063.519
2083.018
2086.758
2058.312
2010.812
2081.602
2122.519
2139.690
2095.800
2089.419
2089.434
2063.556
2084.173
2081.247
2065.000
2039.238
2066.463
2044.328
2060.896
2071.185
2083.367
2081.478
2066.155
2059.989
2008.532
2012.533
2065.000
2067.772
2047.444
2055.007
2009.672
2011.876
2080.554
2081.401
2062.188
2065.462
2052.250
2057.172
2043.036
2093.567
2074.548
2101.498
2114.280
2085.328
2144.508
2143.292
2124.059
2066.309
2121.364
2142.760
2144.660
2106.503
2056.716
2091.519
2092.643
2068.322
2047.140
2024.036
2032.092
2067.393
2065.000
2061.206
2062.720
2027.456
2019.251
2068.234
2063.328
2059.072
2066.079
2030.106
2108.043
2120.209
2084.712
2052.081
2033.764
2025.936
2073.778
2060.218
2058.031
2071.308
2057.948
2105.871
2073.470
2101.344
2064.772
2025.599
2038.932
2048.138
2093.336
2073.547
2105.271
2107.658
2078.706
