652.206
711.715
714.718
712.562
556.639
614.473
610.639
588.222
600.220
593.684
618.738
684.380
706.633
671.290
676.526
673.093
515.364
453.313
475.170
503.198
512.592
478.173
462.089
545.553
499.117
508.742
528.608
502.197
520.523
559.174
516.211
561.650
537.727
524.290
571.036
570.285
552.644
595.964
583.127
620.626
616.851
566.539
546.260
602.851
596.605
573.944
571.948
594.292
565.732
606.328
645.146
611.733
645.812
651.116
668.595
685.150
673.908
668.518
664.333
525.143
512.899
639.362
751.675
755.450
718.479
734.584
752.679
719.723
750.446
715.796
731.350
577.858
538.551
693.445
728.039
743.901
739.196
770.717
759.063
621.989
538.557
571.644
601.208
735.277
765.195
721.571
726.961
639.719
530.841
535.230
616.201
618.396
633.052
596.984
615.452
689.079
721.506
764.768
747.163
749.407
760.462
818.437
809.286
478.260
306.000
302.352
289.356
