1209.764
1123.696
1149.538
1157.671
1243.553
1062.842
670.751
674.524
735.146
741.859
774.949
597.249
692.303
593.991
641.945
541.700
597.028
700.005
637.580
576.280
797.767
647.035
552.264
635.421
552.872
647.913
534.229
596.622
911.548
1224.914
874.154
768.526
916.228
945.816
834.661
1216.058
987.223
940.543
1079.955
1192.599
996.771
1038.727
873.854
769.653
775.907
958.770
961.257
1141.632
1024.853
1207.581
1026.203
910.967
863.981
839.159
1040.489
780.150
850.495
1232.910
780.345
786.848
841.801
1137.268
805.223
838.335
980.425
802.065
1217.197
1072.301
779.577
779.394
1142.126
1120.552
1015.405
1094.160
1210.208
1148.445
1277.453
995.924
1096.509
1054.464
950.240
828.976
794.871
900.757
863.669
866.577
1016.845
930.013
826.037
1068.721
1103.149
980.524
1134.226
843.622
744.061
773.765
906.425
832.514
812.278
1200.548
1125.057
1150.691
1149.435
1008.937
1008.706
1158.371
825.914
762.391
908.363
917.724
920.081
883.437
1086.096
967.820
931.531
1089.570
918.027
755.703
827.010
888.827
748.410
805.017
993.506
864.349
800.158
1109.615
1011.757
977.613
977.998
805.500
773.426
815.064
916.018
788.956
802.693
1145.203
1000.755
978.310
1147.127
829.123
710.266
811.853
850.400
713.074
938.102
807.655
712.992
930.088
916.691
692.020
834.201
742.701
693.353
873.521
737.051
681.367
807.847
773.630
690.681
874.151
790.685
819.432
941.508
768.564
693.455
875.855
747.927
664.129
828.947
777.293
756.666
942.697
752.174
714.311
787.827
857.165
730.277
815.992
910.504
720.899
737.507
969.056
748.408
796.881
906.161
747.873
777.993
914.586
732.086
698.505
851.229
773.433
695.321
908.736
883.568
713.553
851.534
840.858
704.578
806.805
768.299
710.691
778.975
822.770
692.631
838.356
856.608
710.265
796.281
860.337
764.286
825.850
844.101
666.978
800.886
781.456
745.525
741.992
830.288
718.745
815.892
823.437
713.753
832.199
812.383
722.421
754.896
874.940
750.726
737.334
981.899
714.165
638.719
637.955
