1196.773
1202.853
1172.871
1174.790
1201.713
1121.023
896.687
928.735
926.024
982.636
925.192
848.125
912.509
803.045
881.285
780.580
811.927
857.817
907.334
803.465
847.540
914.875
826.591
793.205
830.164
839.257
832.821
728.745
796.823
1123.672
1214.224
1079.417
1058.887
1143.065
1096.826
1101.211
1163.638
1127.374
1123.171
1133.429
1152.408
1129.453
1157.859
1086.810
1058.099
1058.346
1130.283
1103.068
1159.738
1134.088
1181.459
1137.463
1133.005
1072.360
1110.732
1096.609
1051.278
1127.655
1099.905
1064.730
1021.646
1146.586
1081.577
1042.270
1151.540
1068.948
1123.499
1183.815
1066.191
1052.152
1103.770
1159.229
1114.166
1144.744
1169.245
1148.233
1181.782
1135.824
1162.954
1148.697
1160.449
1103.773
1069.993
1052.521
1109.866
1084.939
1138.240
1119.211
1071.779
1142.261
1153.255
1122.109
1164.742
1060.322
1043.253
1058.992
1133.481
1063.457
1063.554
1180.414
1142.478
1174.102
1149.244
1115.855
1133.506
1171.007
1058.563
1052.437
1096.431
1136.777
1093.782
1102.561
1135.287
1103.438
1102.739
1169.828
1081.997
1044.343
1087.253
1084.096
1038.207
1069.618
1130.654
1065.981
1054.455
1171.042
1125.890
1111.969
1126.051
1047.991
1050.381
1087.253
1087.736
1039.724
1100.292
1129.766
1132.183
1160.861
1123.452
1036.049
1019.121
1101.816
1041.024
1023.894
1120.791
1030.975
1043.489
1143.741
1008.508
1010.360
1070.658
1010.243
1052.946
1091.003
1030.008
1002.498
1090.484
1046.262
1015.649
1105.280
1041.345
1045.494
1109.146
1060.892
1004.507
1080.428
999.075
996.562
1073.569
1043.412
1033.840
1110.596
1032.221
1024.396
1083.833
1063.199
1017.863
1110.451
1077.790
1001.241
1079.660
1087.438
1032.592
1094.105
1094.185
1035.926
1098.894
1060.832
1022.665
1037.080
1102.191
1023.416
1052.405
1105.714
1041.780
1030.272
1121.458
1031.662
1008.816
1089.217
1030.812
1013.932
1097.246
1046.257
1011.165
1123.523
1040.565
1004.176
1090.152
1064.947
1014.514
1108.207
998.379
991.935
1095.982
1023.982
1021.541
1115.578
1032.088
1006.425
1080.581
1050.993
1007.191
1096.575
1046.490
1023.813
1057.652
1080.649
1031.480
1096.101
1056.441
981.742
920.668
970.566
