383.000
366.291
383.000
324.865
306.000
306.000
306.000
306.000
306.000
306.000
306.000
306.000
306.000
306.000
306.000
306.000
306.000
306.000
306.000
306.000
306.000
306.000
306.000
306.000
306.000
306.000
306.000
306.000
306.000
306.000
306.000
306.000
306.000
306.000
327.021
334.182
310.389
306.000
306.000
306.000
306.000
306.000
306.000
328.946
360.208
306.616
306.000
306.000
306.000
306.000
306.000
306.000
306.000
306.000
306.000
306.000
306.000
306.000
306.000
306.000
306.000
306.000
306.000
306.000
306.000
