766.000
766.000
756.424
697.068
698.892
693.712
685.765
692.964
701.932
698.132
689.307
694.992
689.230
716.828
716.980
704.820
705.884
683.545
707.632
684.379
678.065
690.000
690.000
716.220
691.292
708.544
690.836
726.404
729.444
690.000
689.923
695.472
690.000
691.669
701.382
760.832
749.660
692.255
679.913
677.526
666.361
685.072
647.342
707.223
766.000
644.621
606.686
583.663
614.925
638.795
632.481
613.000
616.619
630.017
588.822
613.000
607.071
606.455
621.239
634.714
690.000
702.996
690.000
673.368
657.429
