504.326
431.524
966.528
1761.078
1297.290
1053.498
1187.389
1353.508
1195.095
1241.471
1044.078
1227.174
1321.824
1123.105
1107.624
1345.495
1196.068
1065.759
1311.834
1030.873
974.749
1225.202
1402.155
1122.738
1028.261
1259.235
969.293
1119.003
1131.028
1010.246
1075.979
1159.959
1048.228
1196.558
1179.407
1115.540
1023.697
1086.140
1103.795
868.928
881.454
868.791
892.958
1032.505
988.840
1007.243
1114.508
1037.020
1010.862
986.222
947.120
947.529
940.220
973.360
1014.898
853.684
738.721
969.159
1006.242
998.080
980.678
1055.810
1104.367
