766.000
766.000
766.000
766.000
766.000
766.000
766.000
766.000
766.000
766.000
766.000
766.000
766.000
766.000
766.000
766.000
766.000
766.000
766.000
766.000
766.000
766.000
766.000
766.000
766.000
766.000
766.000
766.000
766.000
766.000
766.000
766.000
766.000
766.000
766.000
766.000
766.000
766.000
766.000
766.000
766.000
766.000
766.000
766.000
766.000
766.000
766.000
766.000
766.000
766.000
766.000
766.000
766.000
766.000
766.000
766.000
766.000
766.000
766.000
766.000
766.000
766.000
766.000
766.154
766.000
766.000
766.000
766.000
766.000
766.000
766.000
766.000
766.000
766.000
766.000
766.000
766.000
766.000
766.000
766.000
766.000
766.000
766.000
766.000
766.000
766.000
766.000
766.000
766.000
766.000
739.856
