254.513
224.115
182.663
326.667
158.924
197.047
106.078
253.748
67.862
144.737
94.829
151.428
43.591
210.834
44.621
211.586
121.144
141.516
91.412
218.546
118.318
249.999
226.353
140.681
237.080
184.892
192.892
187.083
271.907
31.435
349.452
75.483
293.166
250.094
371.692
194.714
130.913
234.975
171.409
317.839
208.192
348.180
147.467
385.884
48.093
381.259
120.276
349.734
92.614
252.836
70.495
392.770
167.821
220.005
336.157
266.724
260.345
104.638
166.783
121.935
161.830
56.037
55.993
7.315
110.896
55.957
51.456
51.571
4.028
64.003
38.659
70.621
56.462
114.226
58.497
