766.000
766.000
766.000
646.263
595.059
655.427
718.880
701.704
713.864
692.052
690.000
687.305
690.000
690.000
687.613
687.613
660.047
666.592
646.880
660.355
649.498
648.651
687.921
648.651
681.607
681.222
667.516
636.254
674.369
660.971
702.760
685.688
690.000
680.606
719.108
690.000
713.028
690.000
706.370
707.936
702.692
708.620
690.000
729.672
692.964
747.532
698.883
688.378
690.000
696.840
691.748
730.508
688.383
710.140
699.247
756.196
719.868
697.372
709.034
674.600
690.000
719.412
711.204
690.000
681.299
667.670
690.000
690.000
690.000
703.984
696.688
690.000
690.000
690.000
661.998
