503.700
524.432
476.695
501.173
473.838
493.048
484.342
488.052
506.417
499.151
490.934
519.907
501.211
512.554
497.682
462.485
386.514
396.895
378.530
407.529
355.878
468.335
454.974
498.418
489.131
470.390
480.628
483.921
479.245
490.510
469.691
473.289
528.145
482.694
459.097
464.411
458.549
483.959
476.909
487.109
533.110
498.266
483.064
344.102
121.776
108.012
58.234
32.735
52.806
64.856
39.327
36.468
41.189
74.036
70.075
61.708
41.685
329.469
462.881
486.668
488.842
489.355
490.703
523.168
503.206
549.744
507.044
510.767
527.699
432.217
497.620
518.661
522.787
508.849
515.176
496.955
437.807
423.785
471.318
492.129
490.666
502.009
543.672
503.434
500.002
439.981
458.589
499.501
531.025
503.985
515.461
514.321
514.169
528.286
474.975
308.719
34.280
72.526
35.848
82.872
55.702
124.659
241.948
