1533.534
1472.848
1482.994
1528.869
1503.183
1522.904
1512.243
1548.725
1592.674
1578.266
1521.444
1528.977
1574.888
1568.648
1572.105
1539.862
1558.804
1549.423
1540.709
1568.082
1592.013
1562.721
1587.803
1581.776
1600.851
1519.673
1532.900
1538.821
1594.427
1647.219
1621.549
1504.339
1570.311
1511.937
1586.687
1548.772
1706.827
1545.980
1557.235
1611.240
1653.857
1728.224
1696.493
1566.117
1610.097
1592.501
1560.277
1563.941
1582.627
1577.246
1603.504
1614.828
1568.696
1553.762
1580.443
1648.100
1662.129
1571.106
1519.077
1541.027
1555.386
1540.407
1596.740
1586.347
1597.614
1590.679
1678.519
1706.162
1690.183
1666.116
1659.246
1715.884
1685.851
1693.686
1594.487
1581.159
1635.842
1679.634
1704.869
1552.367
1542.864
1678.869
1735.259
1769.633
1694.626
1703.997
1716.095
1728.723
1762.242
1756.314
1713.872
1654.753
1730.227
1739.138
1771.324
1705.279
1570.943
1546.042
1630.881
1672.415
1746.568
1735.319
1698.338
1701.202
1717.585
1679.736
1596.712
1571.204
1541.445
1575.007
1593.970
1734.946
1723.758
1760.172
1832.112
1857.142
1740.236
1683.951
1761.703
