503.652
411.424
481.484
449.805
464.554
473.720
481.795
465.314
507.220
476.986
478.635
470.627
489.910
525.471
502.274
515.745
474.631
468.009
486.410
610.682
468.276
452.934
491.725
606.023
503.297
474.400
622.935
693.928
509.134
515.210
521.986
492.311
542.382
535.692
526.679
555.496
576.280
478.684
493.341
503.122
536.065
543.068
571.644
624.320
622.549
612.924
645.717
606.030
588.372
559.332
624.073
541.128
576.074
680.915
667.629
652.194
686.459
695.314
689.616
643.507
692.619
680.530
553.946
555.067
667.517
679.375
657.815
663.680
536.617
501.735
516.553
608.261
640.971
666.208
710.637
644.957
570.564
