778.692
766.000
766.000
766.000
767.900
798.680
804.228
769.648
785.152
804.076
798.300
792.524
792.296
816.236
818.972
802.860
804.304
772.232
804.000
810.612
829.992
794.272
793.892
821.556
840.784
811.144
839.340
842.000
841.772
842.000
834.324
830.752
842.000
842.000
842.000
841.392
839.568
842.000
789.256
812.968
819.428
836.528
842.000
842.000
842.000
842.000
842.000
842.000
842.000
835.388
839.188
842.000
842.000
842.000
842.000
842.000
842.000
842.000
842.000
842.000
842.000
842.000
842.000
842.000
842.000
842.000
842.000
842.000
842.000
842.000
842.000
842.000
842.000
842.000
842.000
842.000
845.003
874.879
853.801
842.000
