2023.808
2057.298
2040.604
2062.264
2046.304
2105.580
2099.072
2095.184
2097.738
2089.717
2118.053
2092.258
2109.660
2136.995
2112.124
2111.046
2085.944
2092.874
2058.084
2130.820
2143.115
2115.743
2098.295
2075.868
2089.632
1895.725
1991.442
2172.261
2167.031
2126.822
2106.769
2117.899
2156.668
2124.014
2137.688
2136.225
2138.535
2128.910
2145.016
2147.776
2150.968
2138.535
2140.999
2095.184
2130.236
2148.004
2114.357
2104.578
2104.270
2104.193
2119.593
2113.458
2116.436
2127.293
2141.538
2101.883
2104.645
2075.680
2088.562
2119.362
2092.181
2125.599
2103.500
2107.273
2116.516
2164.230
2181.957
2186.260
2147.853
2141.110
2177.364
2209.457
2194.073
2163.789
2130.548
2139.356
2156.099
2202.362
2131.164
2153.507
2141.370
2141.424
2181.211
2153.278
2193.321
2190.421
2143.228
2172.780
2147.320
2120.209
2087.022
2091.796
2064.392
2065.000
2120.517
2093.413
2114.588
2067.310
2075.857
2080.554
2089.439
2121.826
2114.434
2103.962
2146.404
2139.198
2099.265
2111.759
2117.822
2109.121
2075.780
2081.709
2058.464
2090.025
2069.312
2132.296
2157.276
2151.804
2138.381
2117.052
2144.888
2121.210
2104.578
2074.086
2096.031
2065.000
2080.169
2128.063
2130.646
2146.028
2156.440
1776.070
1586.000
1552.196
1590.125
1570.816
1601.450
1480.649
1559.569
1604.100
1275.878
1263.751
1269.090
1378.306
1095.291
1135.905
840.836
988.334
964.581
994.849
997.999
879.437
850.174
821.784
851.240
1025.033
