890.230
873.724
897.825
873.801
842.000
842.000
842.000
842.000
842.000
842.000
842.000
855.475
887.892
842.000
864.099
842.562
842.549
842.855
842.264
842.536
842.233
842.472
842.000
842.021
842.001
842.105
842.196
842.026
843.386
842.100
842.000
842.000
842.163
842.000
842.000
842.000
842.000
842.000
842.000
842.000
842.041
842.000
842.563
842.701
842.995
843.000
843.000
843.000
842.774
842.937
842.905
842.932
842.536
842.655
842.681
842.852
842.062
842.408
853.088
916.228
907.450
916.998
884.273
914.303
915.381
907.604
905.833
910.145
876.337
842.433
867.186
915.381
919.000
918.923
919.000
919.000
847.433
842.285
842.616
898.761
918.461
919.000
919.000
917.229
842.199
842.358
842.972
843.000
843.000
843.000
843.000
843.000
854.020
843.000
843.000
843.000
843.000
843.000
843.000
801.152
766.362
765.512
765.053
