1721.770
1741.025
1748.806
1775.485
1759.886
1651.966
1599.498
1604.454
1657.518
1624.119
1625.032
1586.367
1618.229
1559.074
1585.475
1605.157
1643.159
1702.234
1683.040
1731.042
1634.437
1652.154
1698.174
1682.294
1530.421
1569.920
1642.684
1699.245
1499.211
1499.889
1550.484
1527.053
1475.413
1488.618
1545.000
1565.704
1534.283
1533.776
1545.156
1512.065
1562.718
1535.659
1551.052
1571.702
1578.254
1492.050
1558.394
1577.702
1543.854
1559.263
1542.479
1608.501
1601.300
1555.716
1575.496
1626.190
1623.264
1622.770
1646.719
1607.095
1625.658
1580.207
1546.348
1631.969
1606.316
1610.583
1625.297
1594.099
1599.932
1629.648
1629.610
1580.628
1584.827
1638.716
1684.625
1607.361
1678.470
1638.901
1637.410
1680.007
1707.871
1703.639
1690.685
1680.793
1681.726
1695.309
1572.923
1507.258
1555.570
1594.662
1740.559
1750.599
1772.616
1751.141
1704.891
1715.682
1724.883
1733.569
1722.941
1732.371
1733.739
1691.787
1715.021
1726.098
1652.928
1556.907
1583.763
1635.438
1685.113
1715.800
1742.920
1716.647
1765.130
1776.815
1725.090
1704.686
1546.071
1520.671
1590.869
1604.302
1631.762
1705.757
1719.991
1728.340
1702.388
1739.898
1738.037
1682.952
1544.515
1529.205
1525.849
1534.366
1508.295
1449.991
1459.833
1465.525
1455.349
1438.449
1430.768
1542.651
1599.734
1470.185
1523.512
1586.485
1419.767
1478.634
1550.516
1443.088
1530.722
1522.713
1516.025
1173.457
1043.393
1035.964
1019.111
1018.313
1095.575
