418.720
398.276
792.177
1214.168
912.231
426.607
405.192
401.544
386.876
399.796
474.441
393.488
405.192
433.015
400.176
383.000
395.388
400.252
386.420
383.000
404.204
426.472
396.376
383.684
390.600
383.000
409.980
383.076
392.272
383.000
481.571
390.372
383.000
383.000
388.320
491.284
412.944
396.756
394.856
384.824
384.748
400.632
401.316
384.368
383.000
402.608
392.348
396.148
405.952
389.764
394.172
383.000
385.812
383.000
385.584
399.416
383.000
412.944
383.000
383.000
392.606
424.325
383.000
383.000
383.000
383.000
383.000
383.000
383.000
383.000
383.000
383.000
383.000
383.000
383.000
383.000
528.534
392.196
383.000
383.000
383.000
383.000
383.000
383.000
383.000
383.000
383.000
383.000
383.000
383.000
383.000
391.056
428.425
390.220
383.000
388.624
383.000
383.000
383.000
383.000
383.000
383.000
383.000
383.000
383.000
383.228
383.000
917.738
1282.840
1279.632
1137.743
454.389
383.000
383.000
383.000
383.000
383.000
383.000
383.000
408.167
394.096
383.000
383.000
384.064
439.681
777.628
917.501
