659.972
625.091
803.128
1188.299
1050.485
653.490
630.449
626.649
620.721
623.571
665.387
627.808
635.940
641.373
630.202
617.206
621.386
616.541
619.144
620.132
626.098
623.362
618.232
615.591
623.248
616.180
622.773
619.809
625.832
623.191
672.519
619.961
611.069
616.294
618.869
673.910
621.538
618.365
623.039
624.578
618.403
630.810
622.355
635.997
617.586
623.666
629.024
616.085
624.787
620.379
626.934
616.712
631.931
612.570
617.643
614.470
609.967
625.851
617.491
614.052
647.747
623.134
613.197
610.423
613.178
611.145
609.815
607.649
617.643
611.639
615.287
601.664
612.095
613.444
611.449
614.033
692.464
615.382
621.462
612.988
609.359
608.979
610.936
617.681
611.829
611.259
610.974
612.874
610.575
609.948
619.828
614.907
640.830
610.043
616.731
613.406
613.653
609.169
616.370
616.275
602.861
611.696
622.963
615.363
611.506
613.596
759.730
1180.053
1215.241
1185.316
850.191
613.482
612.285
611.069
610.955
610.765
611.411
608.409
612.285
640.998
603.754
606.053
611.240
599.270
893.635
1063.761
