326.867
339.033
267.602
229.896
229.805
230.000
230.000
230.000
230.000
230.000
230.000
229.993
230.000
230.000
230.000
230.000
230.000
230.000
230.000
229.992
230.000
230.000
230.000
230.000
230.000
230.000
230.000
230.000
230.000
230.000
230.000
230.000
230.000
230.000
230.000
230.000
230.000
230.000
230.000
229.919
230.000
230.000
230.000
230.000
230.000
230.000
230.000
230.000
230.000
230.000
230.000
230.000
230.000
230.000
230.000
230.000
230.000
230.000
230.000
230.000
230.000
230.000
230.000
230.000
230.000
230.000
230.000
230.000
230.000
230.000
230.000
230.000
230.000
230.000
230.000
230.000
230.000
