1640.100
1559.992
1289.795
1023.000
888.855
779.782
944.753
742.697
783.871
843.365
715.620
670.209
563.056
560.244
530.918
592.397
743.359
823.000
770.115
692.733
711.922
754.716
666.510
760.173
687.694
665.823
723.154
681.055
731.743
743.042
678.484
717.084
631.481
612.000
642.499
711.134
616.312
625.860
593.152
616.161
678.789
644.169
612.000
636.178
630.942
612.000
670.058
663.329
612.000
677.876
634.099
647.728
668.393
653.659
605.616
693.404
627.872
617.390
825.650
710.388
620.393
689.972
679.683
652.733
665.470
689.000
633.637
682.000
786.597
614.156
618.831
706.784
724.957
672.634
723.956
584.564
598.700
612.539
629.325
612.000
714.689
763.916
625.094
582.968
638.214
692.954
646.727
735.324
718.431
650.423
666.747
627.092
612.000
612.000
601.284
668.593
758.893
757.892
658.893
587.756
588.896
536.380
607.820
615.542
637.333
621.086
644.109
735.250
701.264
723.496
619.315
690.463
660.279
601.133
702.407
