2009.077
2020.578
2060.136
2055.348
2063.404
2061.200
2083.942
2065.541
2079.174
2050.435
2064.897
2065.000
2059.242
2076.474
2042.010
2035.816
2045.392
2060.136
2033.794
2047.900
2065.000
2024.140
2066.882
2048.964
2053.448
2064.620
2073.257
2063.404
2065.000
2031.445
2065.000
2065.000
2057.707
2043.036
2065.000
2063.024
2070.698
2098.731
2120.752
2037.678
2039.136
2025.838
2064.660
2021.986
2065.000
2039.920
2074.172
2085.259
2049.905
2087.677
2067.070
2048.075
2045.468
2062.796
2035.664
2009.958
1965.670
1956.891
2026.438
2010.235
2020.419
2041.396
1994.455
1839.104
1721.633
1716.360
1708.138
1771.165
1804.584
1759.567
1770.443
1894.183
2120.143
2113.048
2142.000
2100.266
1900.610
1813.451
1803.855
