277.3
138.6
160.5
237.3
293.2
279.5
272.1
115.3
48.9
85.9
245.0
396.7
316.9
136.6
148.9
149.3
63.3
133.5
365.5
385.5
330.5
265.4
287.3
381.0
267.1
266.4
131.3
51.7
26.5
154.5
297.0
342.9
176.0
77.4
175.3
108.5
45.3
97.2
288.0
293.3
239.4
113.8
195.7
291.2
285.5
300.6
320.1
154.2
79.9
150.7
294.4
263.9
113.6
147.8
243.6
336.3
336.1
215.7
253.2
288.6
220.6
87.7
178.6
347.0
283.5
120.9
58.5
204.3
234.2
266.8
352.4
235.0
178.9
161.2
195.4
86.3
81.9
277.0
328.7
316.7
335.7
306.8
311.0
355.1
257.2
105.0
43.5
19.0
89.5
158.3
290.2
303.2
138.0
133.1
180.5
289.5
334.9
173.3
165.8
208.1
134.6
53.4
157.9
302.5
193.2
76.3
30.0
62.6
142.1
179.0
301.7
212.8
84.6
158.1
130.6
84.7
187.2
271.4
356.2
202.0
80.9
39.0
201.9
382.2
370.7
235.6
98.4
40.4
137.9
162.7
326.8
406.3
304.0
244.7
203.1
309.4
227.2
188.9
211.7
147.5
65.8
122.3
219.2
255.6
160.0
62.9
26.2
21.9
148.2
104.7
42.4
19.0
24.8
153.2
109.5
43.7
19.0
18.8
151.1
97.6
39.6
19.0
23.8
156.2
104.5
142.1
65.2
109.5
215.0
106.9
44.9
106.3
92.6
185.8
100.3
47.9
144.3
104.8
198.8
234.3
116.5
49.6
135.2
184.1
224.9
126.5
51.9
45.8
194.2
135.2
68.1
128.6
102.8
187.1
90.3
37.0
19.0
44.8
167.9
205.2
101.8
41.2
57.9
208.8
274.4
298.4
187.9
111.6
228.7
281.8
303.3
176.9
115.9
183.7
81.3
64.3
154.3
128.6
181.6
130.4
121.4
49.5
132.6
191.2
87.4
37.8
19.0
63.1
156.7
74.4
202.5
303.0
355.3
366.6
243.5
94.9
38.5
115.7
140.3
54.0
29.8
19.8
141.5
117.3
50.3
21.1
19.5
148.1
165.7
118.4
48.1
30.7
161.0
97.3
38.9
19.0
38.1
164.4
83.5
31.0
19.0
55.3
155.7
65.7
34.5
19.0
88.4
152.3
62.5
25.6
19.0
95.2
144.8
56.4
94.2
183.0
240.2
286.6
294.5
219.2
88.7
160.4
237.5
113.0
43.5
28.7
158.6
93.8
47.2
179.1
169.5
213.9
142.5
122.5
75.5
177.4
190.3
78.1
61.4
111.7
131.6
230.8
114.5
44.9
21.6
132.1
115.0
48.7
20.5
25.4
155.3
88.7
39.8
25.2
61.1
162.1
72.5
28.0
19.0
78.0
152.5
62.4
25.5
17.4
95.1
137.3
53.3
22.4
27.9
176.5
147.5
123.2
102.4
44.6
142.4
126.2
55.1
35.5
55.4
176.7
180.2
157.7
85.9
39.1
77.0
165.1
139.5
99.4
42.4
66.8
167.3
78.6
31.6
19.0
50.5
164.2
131.2
99.4
61.5
162.7
159.8
91.0
