613.0
613.0
550.1
548.6
594.4
588.1
542.9
586.3
613.0
613.0
613.0
613.0
563.6
536.0
577.7
584.9
613.0
591.0
588.4
569.7
577.7
601.5
536.0
536.0
536.0
537.8
537.3
596.3
601.6
560.1
604.0
578.0
536.0
559.6
601.0
613.0
613.0
591.8
613.0
613.0
598.1
536.0
566.6
538.4
536.0
536.0
541.0
659.9
711.7
766.0
766.0
766.0
766.0
766.0
759.3
673.2
613.0
613.0
613.0
613.0
612.5
569.7
536.9
536.0
541.9
536.0
593.1
613.0
613.0
558.4
543.9
591.3
595.8
536.0
536.0
536.0
536.0
538.3
564.3
613.0
594.4
536.0
536.0
536.0
536.0
536.0
541.3
582.4
536.0
536.0
536.0
598.8
613.0
588.4
583.1
611.7
549.2
549.4
564.9
612.2
540.4
536.0
536.0
536.2
609.5
546.2
595.0
538.3
536.0
536.0
536.0
596.0
589.9
545.9
536.0
536.0
580.0
540.5
574.3
597.8
558.7
536.0
536.0
536.0
543.8
536.0
610.4
604.5
553.5
564.3
539.5
551.5
536.0
536.0
536.0
536.0
536.0
536.0
576.3
613.0
575.2
538.2
537.7
536.0
536.0
563.2
548.2
561.5
536.0
562.6
541.9
592.8
547.9
581.5
658.3
613.0
613.0
566.9
581.8
543.4
536.0
555.5
547.3
536.0
536.0
556.8
613.0
613.0
612.2
610.5
613.0
613.0
613.0
613.0
613.0
613.0
572.6
597.5
613.0
613.0
613.0
608.9
613.0
567.0
581.4
536.0
604.7
613.0
658.8
637.8
609.7
613.0
613.0
603.8
596.4
543.5
536.0
536.0
536.0
555.6
536.0
552.2
563.6
536.0
536.0
536.0
553.2
571.0
536.0
590.4
683.7
736.8
766.0
766.0
766.0
766.0
766.0
766.0
726.4
650.2
613.0
587.9
536.0
536.0
536.0
536.0
536.0
536.0
536.0
536.0
562.0
549.5
536.0
536.0
536.0
549.0
536.0
536.0
536.0
536.0
536.0
536.0
536.0
536.0
536.0
536.0
536.0
536.0
536.0
536.0
536.0
536.0
536.0
536.0
536.0
536.0
536.0
536.0
536.0
553.2
591.6
567.2
609.7
600.3
536.0
536.0
536.0
536.0
541.7
544.2
613.0
627.6
613.0
559.7
536.0
536.0
536.0
536.0
536.0
536.0
536.0
536.0
536.0
536.0
536.0
536.0
536.0
536.0
536.0
536.0
536.0
536.0
536.0
536.0
536.0
536.0
536.0
536.0
536.0
536.0
536.0
536.0
536.0
577.7
570.3
536.0
536.0
536.0
536.0
536.0
536.0
536.0
536.0
536.0
536.0
536.0
537.1
536.0
536.0
536.0
536.0
536.0
536.0
536.0
536.0
536.0
536.0
536.0
536.0
536.0
536.0
536.0
536.0
536.0
536.0
536.0
536.0
536.0
536.0
536.0
536.0
536.0
536.0
536.0
536.0
536.0
536.0
536.0
536.0
536.0
536.0
536.0
536.0
536.0
536.0
536.0
536.0
536.0
536.0
536.0
536.0
536.0
536.0
536.0
536.0
536.0
536.0
536.0
536.0
536.0
536.0
536.0
536.0
536.0
536.0
554.0
571.4
536.0
536.0
556.3
588.4
613.0
613.0
613.0
613.0
613.0
613.0
613.0
613.0
613.0
613.0
614.5
613.0
613.0
613.0
613.0
683.3
756.4
766.0
766.0
766.0
766.0
766.0
752.1
669.5
613.0
