1102.096
654.492
607.143
844.951
1111.693
1011.556
537.787
1136.208
479.128
478.482
547.507
574.205
520.451
647.785
703.641
808.956
536.892
393.618
375.993
382.412
398.843
625.190
758.289
567.511
441.981
423.406
508.710
392.576
541.435
435.123
438.952
533.084
824.944
1489.373
1600.703
983.995
622.142
638.642
743.396
597.028
602.576
583.652
559.104
657.643
536.304
541.472
539.800
584.120
601.242
566.096
536.000
542.764
536.000
536.000
548.236
557.280
625.770
554.462
755.511
1091.566
801.820
581.759
481.869
493.034
918.429
1514.229
891.593
1366.462
1330.366
611.059
507.587
483.409
501.812
459.000
470.396
468.317
461.772
779.595
1466.380
1448.165
1520.469
1525.731
1465.211
1525.976
1431.683
824.140
831.924
