386.1
427.2
440.6
477.6
465.2
443.5
480.1
468.6
414.0
279.4
255.2
236.3
352.1
461.1
436.5
327.5
197.9
197.2
138.9
342.5
475.6
450.1
306.1
255.7
379.5
446.2
403.1
313.2
138.2
143.6
183.6
301.9
397.5
245.3
97.3
43.7
84.9
95.5
113.0
320.8
433.7
409.5
300.8
299.5
399.5
460.9
415.5
245.1
99.4
113.8
172.9
241.4
404.2
425.0
405.9
317.0
140.5
58.7
41.2
227.3
401.4
305.4
212.0
260.0
287.9
396.6
452.0
419.1
253.0
185.3
222.8
207.2
330.1
477.4
434.0
268.9
110.0
46.4
23.4
122.5
319.8
412.8
307.8
275.3
217.3
353.2
246.7
100.9
52.3
84.1
233.4
275.1
247.4
318.4
292.8
141.5
145.9
226.3
121.3
85.8
138.7
202.2
101.2
127.6
189.6
174.5
163.5
83.4
126.5
75.9
52.2
170.1
90.3
136.7
174.1
154.7
64.1
29.9
19.4
106.9
131.7
241.6
214.5
211.4
203.2
136.2
120.6
50.5
30.8
21.8
26.0
178.0
292.5
349.2
365.9
358.0
238.3
96.5
43.3
55.1
198.1
188.7
163.4
92.1
188.5
100.9
43.9
19.0
19.0
5.7
12.1
111.4
196.2
91.0
160.3
140.2
54.9
23.9
18.2
19.0
18.3
57.9
158.1
73.7
169.8
117.5
49.0
108.3
137.9
152.6
66.8
68.5
171.7
84.1
162.3
160.9
147.3
62.1
25.9
19.0
19.0
43.0
162.9
85.4
135.6
153.0
164.6
134.4
54.4
37.2
24.0
23.6
150.9
105.5
99.1
174.4
78.1
32.4
19.0
19.0
3.4
0.1
117.3
126.3
83.3
213.4
141.5
54.2
99.3
79.4
64.4
167.0
197.0
158.7
98.0
206.1
222.2
96.2
40.3
19.8
96.3
72.9
162.5
125.9
106.9
225.1
149.8
214.5
110.0
47.7
24.4
19.0
