766.0
766.0
766.0
766.0
766.0
766.0
766.0
766.0
766.0
766.0
766.0
766.0
766.0
766.0
766.0
766.0
766.0
749.9
689.5
690.0
723.0
696.0
694.5
766.0
766.0
766.0
716.7
702.8
762.4
689.8
687.8
690.0
650.7
690.0
690.0
690.0
704.3
766.0
755.9
690.0
672.6
690.0
690.0
690.0
690.0
690.0
669.4
658.3
690.0
702.4
728.5
690.0
690.0
679.9
613.0
639.4
690.0
690.0
690.0
690.0
680.5
674.1
623.9
690.0
690.0
690.0
690.0
635.0
690.0
690.0
690.0
690.0
653.4
672.3
613.0
645.8
690.0
690.0
690.0
690.0
690.0
690.0
650.7
665.7
652.6
632.2
656.8
613.0
671.6
689.7
626.9
613.0
613.0
613.0
613.0
641.5
681.8
689.6
613.0
613.0
613.0
613.0
613.0
613.0
660.7
653.0
613.0
613.0
613.0
613.0
613.0
627.6
690.0
644.3
654.0
613.0
613.0
613.0
613.0
613.0
613.0
633.4
690.0
690.0
690.0
674.4
624.6
619.7
643.3
630.3
613.0
613.0
613.6
613.0
613.0
613.0
613.0
613.0
613.0
613.0
613.0
613.0
613.0
613.0
613.0
618.2
690.0
682.0
613.0
613.0
613.0
613.0
613.0
613.0
613.0
613.0
613.0
613.0
613.0
613.0
613.0
613.0
613.0
613.0
613.0
613.0
613.0
613.0
613.0
613.0
613.0
613.0
613.0
613.0
613.0
613.0
613.0
617.8
613.0
613.0
613.0
613.0
653.8
679.1
613.0
613.0
613.0
613.0
613.0
613.0
613.0
613.0
613.0
613.0
613.0
613.0
613.0
614.1
614.2
613.0
613.0
613.0
613.0
613.0
613.0
613.0
597.0
582.0
613.0
613.0
613.0
611.9
608.2
613.0
613.0
613.0
613.0
621.0
697.3
745.3
642.3
