402.4
360.3
175.2
98.7
339.9
386.0
279.5
94.9
190.9
252.8
349.7
342.8
157.4
59.2
153.0
381.2
329.4
262.9
168.9
62.9
26.9
168.2
379.9
248.5
98.1
64.4
294.0
358.7
185.4
71.1
28.7
18.3
45.4
299.1
332.9
232.9
218.7
214.4
378.0
410.6
261.5
98.4
39.9
19.7
158.6
268.3
117.6
42.9
38.6
290.4
286.0
104.7
40.2
43.9
165.5
131.5
341.0
309.1
135.6
55.9
141.1
271.9
247.1
340.9
312.2
142.7
186.9
227.4
354.9
230.3
89.2
46.2
214.8
402.7
346.8
150.7
54.7
24.6
33.2
279.1
341.9
233.5
203.8
211.8
225.0
117.9
336.5
331.4
138.0
50.7
236.9
378.5
197.1
79.4
100.6
345.3
397.3
186.0
73.6
149.0
126.0
223.2
378.7
240.0
87.7
61.1
200.8
98.7
260.0
341.4
184.3
66.5
92.4
311.2
267.4
111.2
47.0
185.5
260.2
248.6
378.5
257.2
99.0
56.1
299.4
355.6
296.0
175.0
142.0
210.0
96.9
270.4
227.5
84.1
32.8
124.8
342.2
326.1
308.5
151.9
58.8
25.6
74.2
288.0
299.6
264.7
116.0
196.3
335.5
263.5
302.7
323.1
250.2
103.1
229.3
363.2
248.6
228.1
110.5
292.4
325.2
305.8
183.7
197.1
225.4
144.6
185.9
260.1
355.7
369.3
184.0
65.6
123.5
140.4
66.9
80.1
185.7
95.0
41.4
89.2
333.4
315.2
233.6
190.2
84.1
87.5
84.4
34.2
19.0
4.3
83.4
237.2
359.3
246.0
91.1
37.2
19.0
19.0
12.7
67.8
175.6
170.3
77.8
244.2
392.2
333.2
137.6
46.0
19.0
152.8
192.6
111.3
94.7
132.0
278.3
129.0
57.6
145.7
203.1
146.0
170.5
72.7
32.2
19.0
19.1
200.1
309.3
298.1
226.5
87.4
34.2
19.0
19.0
12.5
0.0
0.0
91.0
335.6
315.8
136.3
144.1
77.1
31.9
21.4
19.0
29.1
162.4
89.2
117.8
355.0
311.4
125.3
51.4
20.8
82.6
207.7
116.0
40.5
19.0
48.0
288.1
332.3
350.6
364.2
383.0
325.8
141.9
105.8
99.3
122.5
185.6
214.4
359.7
282.1
187.7
71.2
28.1
19.0
20.8
156.1
130.6
53.8
51.3
169.6
83.5
39.1
19.0
19.0
19.0
96.6
118.9
46.8
144.3
125.8
56.6
26.4
16.7
72.7
122.2
51.3
21.5
45.6
163.7
140.8
98.6
39.3
19.0
7.0
2.3
2.8
17.0
116.0
125.5
55.4
28.1
19.0
45.6
104.9
47.9
19.5
51.5
155.6
68.4
27.0
19.0
19.0
18.9
3.2
0.0
76.8
214.3
110.5
47.7
19.0
19.0
2.4
5.0
19.0
13.1
164.6
185.4
79.0
116.8
129.8
56.7
40.0
116.9
50.4
29.4
157.8
98.4
38.8
19.0
8.1
6.2
0.0
3.3
0.0
70.6
150.9
147.9
128.4
51.7
28.7
19.0
18.1
18.5
9.6
164.2
212.5
85.8
31.9
19.0
21.1
104.2
84.2
193.2
228.2
153.7
60.8
25.4
17.9
0.6
0.0
16.9
61.6
204.7
243.0
110.5
45.3
19.0
1.5
1.7
0.3
12.7
156.4
85.4
31.9
19.0
19.0
19.0
9.3
0.0
2.1
107.1
126.6
53.4
142.9
147.9
169.3
221.8
112.6
41.8
78.9
152.6
60.5
24.3
19.0
10.0
137.2
96.6
109.1
95.7
180.7
107.8
43.2
19.0
19.0
15.5
86.9
127.3
51.7
102.0
153.0
64.9
122.5
120.0
82.1
160.3
64.6
25.9
39.5
168.4
101.1
132.8
55.5
24.2
19.0
12.5
0.0
59.1
214.1
141.6
64.0
28.3
19.0
19.0
13.9
19.0
2.9
66.6
151.9
62.2
25.4
19.0
13.4
0.0
0.0
0.0
5.8
148.5
100.2
38.3
19.0
48.8
173.1
86.6
182.6
186.0
169.5
169.3
112.0
103.0
47.2
111.1
104.0
100.1
37.7
47.9
178.3
87.6
36.0
19.0
14.5
13.5
0.8
0.0
0.6
139.8
130.2
188.6
98.4
37.9
19.0
8.0
19.0
4.0
81.1
218.5
113.8
45.5
19.5
19.0
19.0
19.0
3.1
19.5
182.0
216.7
90.2
33.6
19.0
11.5
10.9
19.0
17.4
112.6
222.1
110.8
166.0
103.5
41.4
20.7
11.3
0.4
44.3
162.6
77.0
29.8
19.0
19.0
15.2
24.9
217.2
317.2
361.0
363.9
336.5
297.0
133.0
52.7
26.3
19.0
19.0
