526.424
565.051
759.068
550.276
514.644
516.620
516.772
536.000
519.660
527.108
511.604
509.096
516.772
521.028
515.252
517.608
513.124
525.284
505.980
519.280
532.128
511.984
507.804
533.112
516.316
512.516
522.016
529.616
516.544
509.172
521.256
510.996
507.348
515.252
509.476
509.476
504.612
489.336
516.696
496.328
518.064
491.844
491.312
485.992
487.360
497.012
497.544
491.616
483.180
496.404
510.722
506.208
504.004
493.136
470.868
478.012
480.292
480.444
493.744
470.412
498.152
498.532
481.052
498.684
495.796
487.740
492.300
479.152
504.992
479.608
490.628
648.734
766.000
705.447
508.792
494.960
486.904
494.504
468.740
488.804
460.000
460.000
475.258
683.609
