207.008
248.021
231.409
164.273
176.895
151.636
263.811
134.229
236.641
278.761
220.152
230.825
239.157
215.694
220.510
195.453
197.507
216.045
193.145
277.372
251.384
181.506
91.845
297.175
231.902
142.429
167.802
252.128
180.179
223.910
216.367
220.073
128.500
254.109
195.502
102.340
142.460
54.525
201.657
86.453
198.072
53.761
80.422
80.311
143.167
77.833
19.131
74.250
48.294
38.384
48.617
101.221
123.773
112.827
82.977
83.206
46.786
42.872
113.942
72.891
72.319
262.073
65.132
61.074
73.683
20.045
114.880
49.803
40.888
46.197
48.070
148.787
39.755
93.870
106.539
72.533
76.551
77.932
10.450
188.531
104.618
65.701
49.342
104.406
