234.864
250.444
310.004
291.257
230.000
230.000
230.000
230.000
230.000
230.000
230.000
230.000
230.000
230.000
230.000
230.000
230.000
230.000
230.000
230.000
230.000
230.000
230.000
230.000
230.000
230.000
230.000
230.000
230.000
230.000
230.000
230.000
230.000
230.000
230.000
230.000
230.000
230.000
230.000
230.000
230.000
230.000
230.000
230.000
230.000
230.000
230.000
230.000
230.000
230.000
230.000
230.000
230.000
230.000
230.000
230.000
230.000
230.000
230.000
230.000
230.000
230.000
230.000
230.000
230.000
230.000
230.000
230.000
230.000
230.000
230.000
274.840
330.717
313.777
257.208
230.000
230.000
230.000
230.000
230.000
230.000
230.000
230.000
230.000
