613.0
613.0
674.7
766.0
782.9
776.9
807.3
800.5
832.2
827.1
804.5
790.2
795.4
815.4
831.3
793.8
794.8
806.6
766.2
778.6
768.1
738.5
661.9
613.0
613.0
613.0
613.0
587.0
539.9
536.0
536.0
604.1
546.0
573.6
613.0
610.0
536.3
571.2
613.0
582.2
536.0
551.2
551.1
549.9
613.0
613.0
613.0
613.0
613.0
547.8
536.0
540.6
592.7
613.0
613.0
578.2
536.0
607.5
613.0
610.2
540.4
580.6
579.2
613.0
574.0
602.1
613.0
607.1
578.6
573.2
613.0
613.0
613.0
613.0
613.0
613.0
613.0
613.0
613.0
613.0
613.0
604.7
640.3
613.0
585.7
609.8
599.4
613.0
580.2
569.9
548.0
592.9
613.0
613.0
587.4
551.9
613.0
613.0
613.0
613.0
584.5
555.2
594.8
536.0
554.9
545.7
613.0
613.0
612.3
613.0
568.4
590.8
569.4
536.0
536.0
542.9
583.9
536.0
536.0
536.0
546.9
572.8
536.0
536.0
536.0
536.0
536.0
536.0
560.6
593.7
612.1
613.0
594.4
581.4
611.5
590.4
560.7
543.8
571.3
536.0
540.5
607.7
564.5
536.0
608.9
572.9
591.7
536.0
590.7
602.5
575.0
559.5
576.6
583.9
573.3
539.6
613.0
539.9
558.6
552.0
569.7
613.0
548.3
606.2
561.8
575.9
594.3
567.7
613.0
613.0
613.0
590.6
565.5
577.3
608.1
574.0
609.1
554.8
536.0
536.0
536.0
536.0
539.1
551.9
537.4
536.0
551.9
593.8
589.2
541.7
553.1
536.0
536.0
536.0
585.7
608.0
536.6
536.0
536.0
536.0
536.0
553.5
613.0
611.3
557.7
536.0
536.0
536.0
562.6
559.9
553.5
567.5
622.0
651.3
665.9
693.6
638.9
613.0
