264.5
112.4
102.2
155.0
66.6
29.6
136.6
312.0
294.1
333.6
174.8
194.2
297.9
278.8
181.2
209.3
284.4
201.8
287.9
353.9
331.4
328.1
156.7
121.7
101.5
212.8
324.4
308.2
219.6
84.7
97.7
216.1
102.2
207.2
186.7
206.3
94.1
239.3
229.4
92.0
38.1
19.0
24.8
147.5
213.8
309.7
355.5
283.8
116.3
162.7
303.1
292.5
275.1
192.3
269.2
221.7
168.8
306.5
333.0
158.0
206.0
274.4
256.8
148.7
244.6
319.1
340.0
270.0
112.8
140.8
299.3
196.5
77.8
112.5
153.9
84.0
212.8
284.6
142.9
56.9
142.2
151.6
341.5
336.6
177.5
198.4
201.2
154.8
120.9
272.5
294.8
170.3
94.6
227.0
232.7
228.9
191.7
219.8
245.0
116.5
52.2
156.2
220.9
281.5
288.5
216.7
114.2
54.5
30.5
145.7
81.9
44.9
149.0
195.5
130.6
185.3
79.7
33.7
19.0
5.7
11.1
39.0
159.8
78.5
171.1
84.3
30.1
17.4
0.1
0.0
25.5
161.1
86.8
148.9
137.5
64.0
32.5
19.0
2.3
0.0
53.8
158.0
74.2
171.7
134.0
181.6
82.7
34.7
21.4
13.6
82.2
159.3
260.7
269.5
125.6
49.4
19.8
13.5
26.8
104.4
177.8
125.3
108.8
167.7
72.2
34.8
19.0
4.5
0.0
32.0
162.3
86.6
142.3
140.9
57.4
23.5
19.0
11.3
0.0
37.9
160.8
145.7
231.8
156.7
67.6
26.7
18.5
1.3
0.0
74.6
175.7
92.8
181.7
101.2
50.0
23.0
19.0
89.9
76.7
140.3
134.1
96.0
171.9
72.5
28.8
27.6
164.6
220.0
137.6
199.4
207.6
269.6
266.5
117.0
46.4
19.3
10.3
0.0
84.7
145.1
81.1
183.3
101.5
49.2
22.5
122.7
107.6
44.4
125.3
116.5
101.4
