463.3
497.8
506.9
464.9
363.5
172.3
69.6
110.6
130.6
52.9
23.3
75.5
298.4
414.9
429.7
353.6
165.6
229.6
385.5
440.7
351.1
181.5
252.6
179.3
220.2
358.6
437.9
341.6
302.3
145.9
65.6
32.3
117.7
315.5
380.8
317.3
289.1
170.5
243.0
361.3
347.7
342.5
202.7
236.7
122.4
150.5
337.6
261.2
109.1
50.9
154.3
88.4
52.0
211.1
373.3
359.6
342.3
194.3
217.4
317.9
157.1
63.3
97.2
168.7
80.7
226.9
377.9
325.1
280.8
305.1
299.7
165.1
156.8
333.3
371.6
332.8
173.2
68.6
190.4
354.5
312.5
146.9
93.9
184.4
92.4
139.4
326.3
300.8
136.0
55.7
34.8
192.5
386.8
347.4
169.8
214.4
210.9
89.8
70.8
277.1
218.9
91.7
42.5
159.5
272.8
193.8
304.9
441.5
404.7
226.0
89.9
39.3
20.0
130.8
249.5
396.4
452.1
422.8
296.0
285.1
414.1
415.4
284.2
195.6
295.8
348.0
371.2
432.3
477.3
396.8
215.1
95.4
170.3
179.3
180.4
84.5
200.1
378.0
390.0
255.0
100.6
44.1
26.1
98.6
149.3
75.0
189.1
207.4
86.4
38.4
70.3
164.2
335.6
445.4
405.8
225.4
241.1
127.1
52.1
23.5
16.8
0.5
0.0
72.5
249.8
377.3
330.0
159.1
65.6
135.0
198.4
165.8
64.6
127.9
139.2
84.9
152.9
342.7
438.1
420.5
233.9
156.4
243.2
276.6
194.2
116.4
191.7
89.7
46.5
19.1
14.1
149.8
378.6
416.8
287.2
175.1
202.7
87.9
37.6
19.0
8.1
0.0
3.6
140.0
305.2
438.7
447.2
365.0
178.7
73.6
93.1
88.6
48.7
168.3
106.5
111.7
245.9
415.6
485.3
350.2
198.4
210.5
102.2
185.8
108.8
124.7
234.5
242.4
106.7
46.9
21.8
61.6
323.6
435.6
368.2
237.1
225.9
99.9
49.6
23.3
34.6
105.8
52.3
139.9
270.3
450.7
472.1
356.0
149.4
62.6
145.9
109.5
48.8
159.9
110.9
96.5
209.3
380.7
460.6
373.4
192.0
94.4
52.5
155.4
128.2
85.3
182.0
104.5
43.4
19.0
18.8
122.2
336.0
309.7
230.0
110.0
187.7
123.4
51.3
22.5
19.0
79.7
183.8
168.1
230.2
374.2
416.4
294.8
126.9
64.3
33.9
19.0
18.1
39.4
183.9
258.3
309.8
420.4
473.0
438.7
231.9
101.0
46.6
50.0
188.2
113.8
145.0
153.1
66.3
28.1
19.0
16.1
58.7
318.8
399.5
326.1
237.9
209.1
98.8
111.3
119.1
163.2
122.4
50.7
140.1
213.9
356.2
351.9
181.4
71.6
25.8
49.7
184.3
115.9
237.5
276.7
219.7
238.1
139.3
62.9
26.7
46.2
110.0
143.1
158.6
78.3
140.7
207.4
122.2
50.1
66.5
147.1
63.5
81.1
167.3
77.5
153.6
238.0
167.0
67.9
29.0
46.2
98.5
54.9
172.2
104.0
121.7
163.7
77.5
30.5
19.0
3.8
0.0
11.6
151.1
106.2
95.6
172.4
79.2
33.3
19.0
8.5
0.0
0.0
107.3
141.4
75.3
178.5
109.5
46.6
29.6
19.0
19.0
19.0
45.1
165.7
102.8
202.2
181.3
76.6
33.0
19.0
13.6
0.0
5.2
141.8
112.3
94.9
183.4
162.2
98.7
43.3
20.4
10.8
0.0
120.1
132.9
81.2
181.4
103.0
46.4
19.8
18.0
19.0
14.9
75.2
246.2
325.1
361.2
358.5
193.1
80.5
34.0
19.0
89.4
144.8
202.0
102.3
138.4
147.9
57.8
33.6
19.0
17.3
6.4
39.4
161.1
83.8
138.0
224.4
106.7
45.4
35.6
150.5
78.9
57.3
187.1
193.5
175.8
192.2
80.4
33.0
19.0
7.2
0.0
8.6
149.6
105.1
101.1
211.1
121.6
51.5
22.7
108.1
117.0
50.4
108.0
152.4
73.8
174.7
115.2
49.2
20.9
19.0
19.0
19.0
40.5
162.3
89.5
126.8
162.5
72.4
38.0
20.3
19.0
23.6
115.1
187.7
130.2
103.2
164.5
69.1
