475.286
134.899
318.647
235.026
263.770
194.053
240.344
206.784
191.051
214.602
221.334
166.246
273.141
193.340
259.440
165.256
274.895
213.856
328.264
391.913
179.824
195.201
85.597
205.229
99.227
142.141
57.183
302.094
69.659
142.004
147.966
178.707
92.142
245.251
140.935
244.845
174.397
184.280
146.577
236.293
63.341
180.401
109.933
154.169
80.615
171.060
133.801
80.744
246.979
65.129
159.063
101.978
75.884
122.705
50.842
76.681
84.452
74.948
82.232
50.906
18.191
109.708
76.635
45.902
262.161
172.550
67.239
64.811
50.600
57.430
159.697
47.457
70.815
110.286
6.175
59.039
50.755
42.016
