689.8
690.0
712.6
766.0
708.6
723.2
716.3
690.0
689.8
760.5
761.2
745.3
699.3
766.0
766.0
766.0
766.0
766.0
766.0
766.0
766.0
752.0
690.0
699.7
704.6
689.4
731.9
690.0
689.8
756.8
766.0
744.7
690.0
690.0
690.0
753.9
694.5
707.5
703.8
613.0
662.2
719.7
757.8
690.0
690.0
690.0
687.2
689.9
746.9
766.0
766.0
766.0
766.0
766.0
766.0
766.0
766.0
766.0
766.0
766.0
766.0
766.0
741.1
636.7
613.0
613.0
567.5
573.9
536.0
536.0
536.0
544.1
602.1
536.8
536.0
536.0
536.0
556.6
613.0
613.0
613.0
613.0
672.7
690.0
690.0
660.4
613.2
615.8
671.4
677.4
613.0
629.1
690.0
676.6
635.6
613.0
641.2
690.0
647.0
613.0
613.0
613.0
613.0
613.0
683.2
666.4
624.9
613.0
613.0
631.2
690.0
671.1
613.0
613.0
613.0
613.0
613.0
674.9
690.0
687.2
664.4
613.0
613.0
613.0
629.6
690.0
646.6
613.0
613.0
613.0
613.0
613.0
610.0
613.0
613.0
656.5
690.0
637.9
613.0
613.0
630.9
613.0
613.0
600.6
573.4
613.0
613.0
625.2
632.2
613.0
613.0
613.0
613.0
577.9
536.0
536.0
552.0
612.8
605.5
540.1
576.7
612.7
623.5
690.0
642.6
613.0
613.0
613.0
609.1
599.0
613.0
565.5
557.3
613.0
613.0
650.8
613.0
613.0
613.0
603.5
571.2
574.5
587.3
610.8
600.8
613.0
584.1
613.0
658.5
665.7
616.3
613.0
613.0
613.0
613.0
613.0
613.0
612.3
536.0
553.6
613.0
613.0
663.7
663.7
613.0
613.0
613.0
613.0
613.0
604.8
607.2
613.0
604.4
602.2
613.0
689.0
690.0
615.4
613.0
613.0
613.0
613.0
613.0
613.0
610.8
601.5
613.0
633.9
690.0
673.9
613.0
613.0
613.0
613.0
613.0
613.0
613.0
613.0
613.0
613.0
613.0
613.0
631.1
690.0
690.0
648.5
613.0
613.0
613.0
608.6
608.8
613.0
564.6
536.0
592.5
635.2
660.2
613.7
674.2
613.0
592.3
536.0
536.0
565.1
611.7
613.0
613.0
662.7
690.0
690.0
690.0
626.5
613.0
613.0
613.0
613.0
613.0
613.0
613.0
613.0
613.0
613.0
630.7
690.0
667.6
613.0
613.0
613.0
613.0
613.0
613.0
613.0
613.0
613.0
613.0
642.8
690.0
635.9
679.5
638.4
613.0
613.0
613.0
613.0
613.0
613.0
613.0
613.0
613.8
688.6
690.0
690.0
618.6
613.0
613.0
613.0
613.0
613.0
613.0
613.0
613.0
632.1
685.2
613.0
613.0
613.0
613.0
613.0
613.0
613.2
613.0
636.4
613.0
613.0
613.0
613.0
657.9
690.0
690.0
678.4
613.0
613.0
613.0
613.0
580.1
566.5
563.2
593.3
552.9
602.9
606.8
613.0
595.5
578.1
613.0
613.0
613.0
613.0
613.0
613.0
611.2
594.0
555.6
582.7
613.0
613.0
628.6
659.7
613.0
613.0
638.3
664.3
616.9
613.0
613.0
604.8
542.7
552.2
606.7
606.6
574.0
536.0
536.0
536.0
603.7
613.0
616.2
613.0
613.0
613.0
613.0
613.0
613.0
613.0
613.0
613.0
613.0
643.5
616.0
613.0
613.0
613.0
613.0
613.0
613.0
613.0
613.0
613.0
613.0
613.0
613.0
613.0
613.0
613.0
613.0
613.0
613.0
613.0
613.0
613.0
613.0
580.6
613.0
587.7
536.0
536.0
536.0
581.4
613.0
613.0
613.0
613.0
613.0
613.0
613.0
613.0
613.0
613.0
613.9
653.4
613.8
613.0
613.0
613.0
613.0
613.0
613.0
612.8
613.0
551.0
538.9
613.0
613.0
585.1
536.0
536.0
536.0
536.0
536.0
536.0
561.6
601.2
536.0
597.4
613.0
613.0
613.0
613.0
613.0
613.0
613.0
613.0
613.0
613.0
613.0
613.0
613.0
613.0
649.6
613.0
613.0
613.0
613.0
613.0
613.0
613.0
613.2
615.1
613.0
613.0
613.0
613.0
613.0
613.0
613.0
613.0
613.0
613.0
613.0
613.0
613.0
613.0
613.0
613.0
613.0
613.0
613.0
613.0
613.0
613.0
613.0
578.6
536.0
536.0
536.0
545.7
613.0
537.1
536.0
536.0
536.0
536.0
536.0
536.0
536.0
536.0
536.0
525.6
549.1
657.7
688.2
689.2
690.0
690.0
690.0
690.0
690.0
690.0
690.0
690.0
690.0
690.0
690.0
690.0
690.0
690.0
690.0
690.0
690.0
690.0
690.0
689.7
730.6
766.0
766.0
766.0
766.0
766.0
766.0
766.0
766.0
