766.000
766.000
774.316
784.826
787.228
770.081
766.000
766.000
777.560
795.827
810.652
798.065
826.273
836.315
821.951
771.560
836.980
837.129
812.891
834.733
794.259
805.039
818.088
776.447
802.960
794.028
776.318
797.878
815.049
810.326
806.024
802.652
801.651
836.191
826.445
828.665
812.893
822.975
821.748
802.344
834.684
794.182
790.486
794.028
787.406
804.038
775.933
766.000
790.409
824.520
805.193
800.188
772.160
768.079
770.004
811.045
797.339
804.885
811.199
820.208
811.892
814.895
793.566
768.772
741.832
734.308
762.504
757.260
