1771.561
1736.207
1647.131
1708.650
1753.759
1734.400
1667.109
1724.611
1634.213
1704.839
1661.639
1611.949
1617.458
1605.859
1737.630
1595.970
1591.202
1713.747
1642.000
1548.342
1597.736
1574.652
1679.121
1647.246
1621.937
1767.714
1609.539
1566.497
1728.076
1550.806
1598.611
1608.353
1557.265
1679.828
1612.228
1647.432
1658.046
1674.849
1668.863
1648.835
1573.598
1548.030
1600.978
1688.985
1534.559
1629.022
1661.959
1525.833
1615.445
1685.542
1709.655
1621.114
1539.893
1560.715
1453.205
1480.612
1504.894
1408.954
1366.451
1341.384
1399.255
1403.454
1491.921
1365.992
1370.679
1373.725
1424.518
1472.217
1404.803
1441.542
1550.628
1439.496
1424.207
1411.208
1448.688
1421.000
1416.931
1439.887
1539.725
1516.120
1425.458
1488.251
1553.343
1582.479
1597.798
1634.294
1635.281
1491.681
1545.542
