1337.332
1295.970
1387.229
1430.422
1457.895
1451.826
1437.673
1432.732
1437.337
1383.806
1440.643
1460.099
1445.630
1438.273
1460.631
1431.704
1418.962
1447.936
1412.859
1449.839
1443.172
1438.078
1441.935
1438.063
1447.599
1424.686
1402.044
1440.766
1459.586
1439.842
1437.448
1444.611
1441.327
1448.944
1438.804
1417.460
1456.166
1466.464
1436.898
1429.521
1439.457
1455.672
1449.307
1453.715
1451.967
1453.088
1440.169
1470.777
1427.729
1449.231
1475.147
1453.300
1455.140
1455.159
1462.797
1419.750
1411.940
1431.711
1427.171
1422.523
1418.508
1437.535
1423.603
1401.969
1445.041
1437.994
1424.944
1453.848
1468.421
1428.702
1417.769
1443.170
1450.960
1427.242
1444.463
1437.904
1435.878
1436.816
1423.118
1432.892
1453.799
1424.775
1432.268
1446.229
1450.998
1440.510
1447.103
1452.784
1403.867
1395.970
