1447.802
1410.238
1435.916
1449.212
1465.305
1457.674
1408.774
1374.374
1319.202
1299.988
1284.641
1402.128
1472.848
1494.261
1434.431
1465.379
1470.435
1439.264
1422.330
1428.518
1431.980
1426.532
1470.416
1446.298
1458.731
1470.416
1444.462
1431.373
1454.949
1461.714
1440.757
1430.730
1462.531
1433.705
1437.599
1439.527
1424.083
1447.317
1458.366
1455.957
1457.534
1443.810
1438.643
1448.677
1482.861
1427.774
1428.002
1458.408
1445.084
1443.550
1451.511
1446.911
1437.204
1466.787
1456.347
1439.749
1500.702
1440.567
1440.223
1469.162
1449.154
1448.452
1420.865
1440.510
1472.316
1424.815
1430.654
1459.129
1439.884
1433.976
1449.363
1447.885
1450.523
1448.661
1479.935
1472.886
1453.430
1432.310
1444.215
1452.594
1449.459
1439.617
1445.116
1432.811
1456.432
1455.881
1453.107
1434.190
1456.812
1463.557
1448.068
1435.362
1433.828
1424.762
1424.312
1411.902
1405.112
1422.224
1429.567
1447.635
1470.568
1444.530
1433.433
1439.864
1432.209
1421.979
1432.831
1377.505
1297.681
1270.661
1295.943
1234.219
