543.978
530.674
615.994
607.791
606.369
585.511
542.391
581.962
617.771
604.905
638.185
610.182
589.208
546.348
601.172
610.571
637.399
616.707
619.004
618.448
625.312
608.382
620.359
607.548
613.304
618.891
613.076
627.361
635.344
625.886
615.280
612.317
635.496
613.321
646.896
630.093
640.360
622.981
620.438
638.335
611.909
613.512
629.668
603.556
611.236
616.927
612.845
621.588
628.580
629.745
642.665
630.404
638.232
636.636
653.204
627.918
646.212
641.272
639.144
642.792
614.368
615.584
620.372
569.649
519.907
585.647
634.736
630.556
630.936
614.672
639.676
618.396
561.487
567.262
