1738.253
1844.054
1715.260
1687.164
1674.174
1706.934
1646.095
1757.925
1670.506
1600.329
1584.523
1435.603
1231.473
1160.086
1596.163
1821.671
1676.125
1642.492
1538.705
1673.192
1607.782
1566.643
1611.699
1595.151
1519.861
1600.996
1585.243
1518.249
1557.145
1659.892
1467.617
1570.232
1551.416
1462.103
1432.637
1611.502
1568.610
1546.563
1571.281
1547.266
1472.160
1644.940
1671.063
1574.415
1512.485
1617.045
1495.008
1472.459
1589.972
1379.540
1536.334
1603.291
1469.688
1540.100
1632.688
1468.335
1482.700
1595.892
1620.202
1575.276
1640.927
1556.826
1509.377
1580.352
1703.841
1567.134
1623.518
1648.952
1604.790
1583.888
1663.027
1683.850
1587.499
1695.205
1628.867
1622.258
1647.354
1625.572
1571.570
1583.344
1746.823
1740.241
1671.667
1571.669
1531.354
1629.546
1570.662
1506.171
1566.807
1546.324
1524.467
1544.142
1679.627
1676.062
1612.007
1595.670
1657.984
1551.995
1526.302
1554.223
1610.799
1541.773
1531.875
1618.300
1572.006
1502.363
1565.725
1556.615
1535.686
1589.706
1628.006
1563.403
1501.424
1581.186
1482.325
1258.344
1335.463
