779.750
772.624
786.251
811.408
766.000
766.000
766.000
771.436
803.247
792.099
803.776
784.621
772.813
786.526
790.640
785.140
803.545
791.588
769.696
819.965
767.771
808.042
773.546
796.039
774.701
800.724
806.271
798.494
790.171
817.282
775.548
805.890
787.945
802.344
805.039
825.367
794.028
834.371
786.944
833.821
815.324
786.482
819.108
800.055
793.848
820.181
793.874
820.060
821.209
835.685
824.135
822.518
812.970
814.279
816.512
800.727
810.044
839.535
804.269
821.902
821.209
819.823
813.971
795.799
786.174
800.804
825.983
834.530
824.905
816.974
800.573
785.019
766.000
766.000
766.000
