326.742
325.973
256.264
303.314
320.593
123.649
216.004
323.706
211.555
353.679
358.054
309.683
213.843
232.540
228.297
126.985
306.223
92.866
247.530
121.456
150.925
146.229
242.766
83.153
175.265
199.820
237.736
94.576
233.533
110.026
211.754
202.426
131.524
221.241
163.122
137.008
106.222
214.046
204.408
91.355
302.955
122.518
323.461
120.308
286.721
54.669
236.512
173.199
211.951
236.191
179.387
63.266
49.755
64.241
131.053
210.786
93.631
43.577
57.352
84.595
90.207
138.706
80.052
99.095
87.965
62.835
96.878
109.972
23.014
47.085
64.203
97.786
49.743
62.766
