249.790
246.479
235.468
249.258
230.000
235.320
229.966
229.966
230.000
230.000
230.000
230.000
230.000
229.954
230.000
230.000
230.000
230.000
230.000
244.922
272.484
242.760
253.213
241.000
232.032
230.967
229.183
230.544
229.498
230.000
230.352
230.068
229.752
229.839
229.537
230.422
229.604
230.237
229.529
231.140
229.928
230.717
229.874
229.846
230.023
229.554
231.900
229.344
229.693
229.457
229.000
229.443
234.293
231.424
230.110
230.228
236.849
231.723
229.506
232.823
230.727
229.664
236.038
234.180
230.820
231.520
232.781
231.407
229.436
230.684
234.549
230.836
234.256
229.903
229.892
230.132
230.076
229.532
234.104
236.664
236.407
230.179
230.125
230.076
229.680
230.076
233.968
238.512
229.830
231.900
231.085
229.997
229.369
234.598
236.358
233.331
230.406
231.596
232.184
230.852
231.978
230.210
231.493
230.304
233.358
233.820
233.532
233.048
233.752
234.560
245.034
244.262
231.429
234.202
237.756
233.040
251.169
234.929
233.656
232.280
232.119
248.020
239.880
233.141
235.147
236.737
231.292
230.824
233.952
229.904
234.484
236.571
230.076
230.006
234.940
236.283
238.588
232.629
231.748
231.043
235.320
239.317
239.880
230.234
237.752
238.109
238.512
236.940
230.000
230.949
234.560
233.344
230.756
238.257
232.293
230.228
