428.429
426.370
414.314
456.116
419.227
443.222
271.543
248.540
285.053
277.216
297.797
382.843
194.747
292.493
216.960
278.973
263.693
129.776
110.401
363.838
106.351
236.196
174.665
264.317
154.638
120.959
384.606
120.840
367.628
76.725
354.236
250.132
162.009
283.565
187.995
221.957
288.914
84.752
288.790
91.385
122.470
314.976
127.888
186.299
205.210
238.526
157.722
280.521
154.645
188.578
355.523
207.846
281.626
135.287
177.294
112.146
206.742
148.934
166.540
249.547
214.859
266.417
121.358
58.883
245.223
115.567
310.168
272.391
141.351
29.890
258.511
45.840
120.673
214.105
290.885
37.235
222.171
210.281
127.333
250.870
77.242
186.253
34.750
208.034
110.374
248.282
72.346
141.690
111.156
266.879
115.616
306.700
156.170
192.837
103.993
233.881
78.334
290.120
278.694
139.856
168.444
213.328
118.863
55.120
240.189
80.604
242.436
255.260
131.412
113.313
201.718
48.198
147.869
194.964
90.554
55.503
244.105
31.068
177.447
51.203
208.058
105.193
357.057
63.923
235.394
65.569
281.018
82.408
208.187
89.125
150.570
87.297
240.733
89.871
90.503
248.290
160.321
147.430
87.280
222.858
110.507
171.512
89.495
284.382
131.075
185.050
79.347
203.753
152.491
221.153
76.620
204.753
63.658
221.704
51.586
203.616
