755.018
754.059
749.564
738.630
612.461
615.233
648.497
606.301
596.984
582.046
536.000
578.735
614.001
560.640
618.544
549.321
566.492
582.200
536.000
659.893
730.277
659.739
711.052
696.968
727.544
697.524
695.830
698.512
718.962
676.140
681.324
686.496
711.322
750.192
701.248
673.747
700.908
677.526
710.425
683.994
663.203
707.495
682.479
702.187
718.734
700.683
684.116
751.484
700.412
731.355
733.984
712.496
732.256
718.424
689.538
684.736
667.505
700.137
707.809
698.548
723.440
719.944
674.446
669.903
697.136
685.303
734.837
715.764
722.072
694.940
728.380
675.062
690.000
705.884
710.653
697.372
704.440
723.516
666.977
691.963
655.196
700.238
686.150
706.331
690.000
697.068
667.439
682.223
690.228
671.443
704.298
716.068
727.848
642.414
674.754
645.648
683.431
647.265
716.460
637.640
673.830
623.626
685.530
646.341
667.747
665.899
673.599
670.442
682.340
650.807
662.896
626.244
655.658
672.675
673.554
660.509
644.031
682.964
651.187
688.453
640.027
701.518
658.584
692.507
663.654
688.138
642.953
684.838
649.883
687.459
660.740
688.101
630.633
676.756
637.717
690.000
642.722
687.611
638.333
680.221
648.112
677.389
618.390
674.517
643.415
687.799
633.636
683.070
637.948
682.685
649.036
687.459
673.291
689.167
613.000
603.529
