1370.027
1326.275
1267.771
1231.011
1090.320
1018.097
983.233
1018.415
1006.134
986.859
1003.701
980.196
1059.831
1031.210
998.433
1007.489
1023.774
1013.887
987.239
1032.656
1069.803
1030.416
1038.852
999.622
1045.000
968.539
1035.609
1010.288
954.842
1021.068
987.737
1031.917
992.201
998.847
1075.911
1029.238
1016.205
1030.530
1026.611
1017.778
1045.502
1036.344
1050.860
1018.346
1017.737
986.401
974.039
1017.746
963.862
959.917
1045.674
987.347
1184.431
1192.840
1129.849
1003.368
995.729
973.671
956.302
954.413
946.015
956.195
958.251
900.368
974.285
1078.110
1190.256
1104.585
837.550
845.678
851.715
793.291
845.618
862.893
920.860
899.572
836.980
867.077
863.711
926.676
884.265
852.795
824.756
844.923
852.886
808.036
886.287
869.377
890.883
893.001
1024.675
1042.956
1026.938
1003.392
1022.797
938.631
907.163
992.310
