1735.129
1811.770
1871.736
1592.869
1302.022
832.721
790.407
859.913
825.288
805.135
859.999
783.331
962.298
851.652
800.352
852.398
818.694
943.734
834.020
823.674
934.820
949.002
852.177
843.690
1017.271
942.163
830.695
863.487
781.467
807.736
845.031
853.221
802.814
844.875
1119.369
860.539
819.295
915.461
906.783
886.430
1051.761
995.903
963.623
889.897
891.473
792.015
772.728
861.164
766.288
759.532
931.580
866.762
1623.750
1685.539
1138.388
771.619
825.415
723.188
746.736
725.801
710.945
722.726
722.803
765.060
872.293
1535.677
1560.786
753.298
591.913
612.000
573.924
606.300
635.947
666.657
714.023
612.000
627.015
618.752
706.368
673.967
642.338
571.831
630.018
627.657
568.604
639.951
619.623
636.717
670.289
779.819
1026.046
933.720
947.345
831.395
827.671
712.389
732.736
