245.779
294.840
335.645
358.668
298.324
229.732
229.809
235.009
234.419
229.212
229.945
236.893
230.987
229.992
229.848
229.481
229.686
230.941
229.712
230.833
231.520
230.202
230.532
229.992
230.000
229.932
229.611
229.846
229.940
230.000
230.228
230.076
230.767
230.000
229.635
231.064
230.352
231.672
230.076
230.076
231.900
232.052
230.228
233.800
231.824
237.676
230.000
233.648
232.888
230.304
230.228
232.508
232.508
230.304
232.280
230.304
345.067
337.262
280.160
262.968
273.700
275.904
313.623
