690.000
730.868
726.917
746.164
690.000
700.944
690.000
708.468
734.916
738.260
690.000
690.000
701.172
690.000
690.000
739.856
700.336
695.168
690.000
690.000
690.000
708.164
691.672
704.896
692.888
696.612
708.922
712.192
691.140
690.304
706.720
690.000
702.160
690.000
706.492
694.940
692.432
690.000
676.756
690.000
690.000
690.000
631.095
628.015
621.008
622.240
628.785
619.930
675.909
646.803
633.328
640.335
614.155
624.858
627.630
627.452
766.000
705.200
690.000
706.568
696.536
696.308
738.564
