706.194
677.916
1031.287
1363.985
1208.818
1120.228
1134.007
1167.532
1145.504
1154.127
1114.299
1148.095
1170.363
1123.787
1105.530
1137.835
1108.722
1097.764
1161.114
1098.935
1115.769
1154.663
1162.972
1112.049
1124.385
1146.827
1102.345
1151.367
1126.442
1104.032
1101.154
1112.694
1093.358
1121.097
1109.236
1099.903
1081.773
1099.271
1091.007
1074.686
1063.096
1049.606
1081.849
1094.700
1088.936
1097.239
1092.394
1096.536
1097.049
1100.605
1059.296
1084.748
1089.772
1071.931
1083.426
1101.848
1004.255
995.689
1037.902
1042.044
1043.982
1035.850
1113.524
