425.390
238.827
254.516
207.907
230.534
256.210
253.611
261.658
223.716
248.839
238.012
275.799
269.254
210.207
255.761
280.912
283.645
197.312
247.031
293.781
234.464
193.052
157.119
116.219
220.491
153.455
226.126
145.103
245.279
67.027
230.943
141.474
303.856
123.314
186.071
152.897
89.240
62.974
211.780
205.438
303.134
196.525
76.321
235.121
94.279
199.011
67.606
273.728
115.420
311.988
86.638
381.920
167.796
164.273
176.457
212.028
232.689
44.141
258.274
94.027
153.992
95.682
257.910
17.429
307.270
75.398
10.716
51.111
53.326
32.969
64.857
46.804
89.835
70.226
73.129
14.611
118.689
74.627
79.054
104.627
90.229
72.225
112.439
32.874
50.521
81.401
53.827
87.116
82.739
88.167
