1449.554
1372.135
1364.724
1354.428
1348.481
1343.978
1369.008
1348.804
1351.084
1357.620
1353.003
1364.099
1336.986
1374.684
1369.449
1358.969
1365.201
1388.699
1373.813
1382.062
1366.042
1370.712
1388.546
1355.929
1361.173
1360.394
1356.062
1384.083
1345.840
1362.241
1348.614
1362.763
1357.753
1335.523
1363.970
1344.605
1348.937
1356.461
1329.215
1330.773
1343.598
1325.225
1348.418
1351.179
1338.069
1364.947
1337.385
1335.580
1358.494
1338.601
1349.583
1344.168
1331.400
1348.405
1332.996
1325.244
1340.558
1340.596
1330.298
1330.564
1330.830
1340.444
1355.430
1329.329
1333.946
1353.445
1334.174
1356.214
1344.567
1332.806
1342.838
1339.133
1334.573
1335.826
1359.939
1336.454
1350.628
1336.017
1334.801
1357.069
1336.017
1343.199
1344.434
1337.252
1361.322
1364.895
1355.093
1368.146
1354.219
1351.369
1363.863
1355.359
1343.047
1382.509
1356.442
1331.305
1346.220
1359.790
1356.708
1340.710
1350.077
1356.404
1351.274
1344.472
1340.729
1353.307
1340.045
1341.242
1385.073
1349.279
1343.142
1343.674
1354.732
1346.030
1334.231
1337.632
1334.193
1334.839
1329.101
1329.481
1333.034
1325.643
1332.027
1334.858
1334.117
1337.404
1337.081
1328.873
1338.468
1344.092
1334.801
1337.594
1331.381
1260.483
1057.586
