1925.819
1604.438
1672.507
1457.755
1458.642
1427.904
1500.634
1417.271
1475.173
1543.118
1443.063
1469.195
1455.971
1562.014
1516.119
1570.644
1550.808
1566.482
1506.758
1581.928
1616.091
1557.815
1530.579
1561.767
1655.508
1467.595
1412.415
1526.510
1473.320
1435.971
1365.424
1466.258
1530.845
1468.586
1394.622
1464.259
1417.146
1399.553
1490.604
1351.567
1443.266
1359.506
1377.212
1565.266
1531.109
1460.004
1525.844
1345.208
1365.207
1521.372
1406.319
1425.724
1412.536
1369.171
1443.257
1415.555
1307.714
1353.439
1402.279
1347.552
1398.004
1414.267
1365.754
1435.209
1340.040
1330.713
1606.212
1358.253
1423.634
1482.121
1359.945
1377.266
1470.648
1386.028
1330.757
1540.689
1470.053
1438.846
1454.721
1382.811
1438.429
1337.504
1374.106
1397.525
1394.824
1464.223
1647.485
1492.033
1548.643
1517.320
1514.967
1523.109
1494.304
1430.106
1595.954
1487.389
1372.548
1476.854
1512.868
1488.827
1488.593
1491.032
1516.221
1533.521
1463.391
1437.122
1477.788
1472.241
1468.290
1525.923
1458.767
1436.462
1467.428
1487.060
1434.259
1484.603
1379.571
1381.865
1332.032
1328.379
1381.267
1381.263
1285.555
1352.317
1379.004
1385.405
1379.512
1408.470
1354.704
1408.182
1387.703
1337.880
1363.194
1515.138
1413.697
998.388
