383.000
383.000
383.000
383.000
383.000
383.000
383.000
383.000
383.000
383.000
383.000
383.000
383.000
383.000
383.000
383.000
383.000
383.000
383.000
383.000
383.000
383.000
383.000
383.000
383.000
383.000
383.000
383.000
383.000
383.000
383.000
383.000
383.000
383.000
383.000
383.000
383.000
383.000
383.000
383.000
383.000
383.000
383.000
383.000
383.000
383.000
383.000
383.000
383.000
383.000
383.000
383.000
383.000
383.000
383.000
383.000
383.000
383.000
383.000
383.000
383.000
383.000
383.000
383.000
383.000
383.000
383.000
383.000
383.000
383.000
383.000
383.000
383.000
383.000
383.000
383.000
383.000
383.000
383.000
383.000
383.000
383.000
383.000
383.000
383.000
383.000
383.000
383.000
383.000
383.000
342.498
