766.000
766.000
766.000
758.780
742.026
730.356
689.936
697.524
656.351
613.924
652.809
731.420
732.712
716.220
724.884
695.776
690.608
690.000
690.000
689.384
690.304
690.000
696.536
690.000
690.000
690.000
690.152
710.900
707.784
715.840
690.000
691.824
690.000
718.348
687.305
739.316
693.876
719.640
690.000
735.372
734.004
735.144
701.400
723.516
733.624
727.696
727.240
700.336
735.980
720.476
758.856
731.192
716.363
705.504
744.644
734.308
740.996
723.896
755.132
735.904
759.692
766.000
744.340
739.248
701.400
694.484
740.692
757.032
718.880
700.412
692.052
724.656
740.844
717.892
752.928
742.364
741.072
742.364
709.760
660.432
613.000
625.243
690.000
