1795.360
1419.402
1392.064
1377.953
1467.246
1216.191
1215.482
1181.076
1100.930
1151.812
1082.759
1007.674
744.403
622.164
664.592
814.237
1239.092
1056.117
1179.560
1088.188
1019.468
1015.108
908.213
936.916
960.601
871.066
880.912
919.083
856.618
827.992
898.938
897.848
864.876
929.165
975.148
832.931
854.192
930.751
908.388
844.293
998.516
884.259
855.672
1005.621
898.383
851.695
941.788
865.068
768.250
994.459
848.435
770.316
994.170
1071.981
937.712
1024.678
1031.497
837.335
947.112
1228.881
1100.969
1069.149
1122.563
960.812
993.306
1142.804
1171.319
1006.923
1075.719
1099.036
1019.563
1003.780
1063.700
1003.008
1138.820
1195.823
1159.580
1035.470
1118.389
981.140
1066.816
1111.601
1048.361
1123.615
1084.844
1039.194
986.805
1181.969
1172.700
1093.299
1331.838
1295.590
1213.653
1131.736
1173.978
886.842
992.228
935.535
1077.455
1097.849
1193.287
1051.585
957.881
975.365
892.394
899.750
1006.980
1042.586
1066.081
1049.762
1152.853
1170.561
1158.527
1125.999
1036.272
1097.460
1038.890
958.315
763.411
659.543
664.591
629.456
892.236
864.040
