1315.585
1187.636
1150.926
1140.732
1136.820
1131.525
1160.919
1185.449
1188.185
1181.535
1174.315
1194.189
1191.586
1178.628
1153.890
1156.256
1129.896
1131.418
1142.156
1112.340
1132.774
1158.229
1144.078
1146.993
1154.185
1148.896
1126.078
1152.971
1168.634
1146.328
1166.696
1196.156
1183.112
1170.135
1152.427
1136.489
1162.480
1178.870
1131.025
1128.728
1152.123
1138.329
1146.860
1131.071
1142.234
1107.918
1245.259
1357.511
1205.553
1286.611
1493.064
1446.387
1164.701
1129.414
1388.594
1319.603
