368.832
295.682
261.494
239.414
233.142
231.990
232.364
229.748
230.000
230.000
230.000
229.747
229.557
239.424
231.752
230.372
229.921
232.888
244.616
230.304
229.993
230.000
230.053
229.974
230.000
229.887
230.000
229.583
230.152
229.755
231.368
237.978
230.380
230.283
230.745
233.465
232.046
230.285
231.434
231.905
231.851
230.456
240.056
230.380
232.108
230.167
229.492
231.115
233.175
231.268
232.252
233.309
233.734
230.136
232.352
231.640
230.456
229.826
230.000
231.445
229.991
234.662
229.700
229.845
233.203
230.608
234.256
235.852
232.052
235.548
233.344
231.781
243.224
233.192
230.511
235.118
229.920
232.736
230.000
271.192
230.684
230.000
230.000
