437.253
498.627
452.597
380.362
253.519
211.152
204.251
186.375
196.953
105.533
218.325
45.084
229.964
77.279
251.408
182.717
215.318
98.879
118.894
59.161
193.751
148.903
183.447
277.255
64.324
286.504
142.296
274.976
162.371
237.734
6.688
317.042
128.081
291.219
104.071
378.767
73.403
259.400
88.920
273.058
281.466
237.128
120.080
119.611
386.036
150.103
356.902
89.173
372.475
106.241
386.269
152.909
371.170
129.277
306.637
44.606
165.654
236.229
202.846
374.557
166.989
333.100
127.071
304.318
83.367
88.407
82.482
59.110
62.039
66.847
80.100
268.348
59.496
14.516
95.282
32.228
97.587
71.371
5.434
52.940
52.556
64.635
89.721
