1470.663
1445.267
1473.076
1482.063
1482.652
1477.039
1450.099
1480.011
1494.565
1471.613
1483.469
1503.210
1447.859
1501.162
1497.187
1482.823
1462.967
1486.452
1480.104
1471.309
1495.781
1491.924
1494.356
1474.425
1466.631
1459.776
1478.605
1492.957
1469.086
1484.400
1479.137
1490.442
1481.962
1538.240
1574.580
1456.968
1414.766
1538.657
1555.621
1586.442
1590.432
1612.852
1566.431
1621.577
1535.599
1528.020
1443.955
1509.912
1468.421
1529.835
1579.937
1483.811
1528.846
1659.740
1706.446
1651.302
1655.926
1697.332
1666.797
1604.663
1629.558
1631.655
1616.006
1624.385
1597.186
1537.465
1582.496
1614.220
1619.844
1625.411
1614.163
1602.136
1590.242
1657.726
1575.010
1566.604
1424.165
