514.422
439.468
446.384
439.468
475.347
544.073
524.998
568.452
613.573
631.828
620.524
596.555
597.659
613.321
614.517
621.463
644.844
627.483
633.393
621.423
637.542
625.394
632.834
633.278
623.486
642.224
626.908
620.220
635.116
625.540
632.076
666.048
645.528
626.067
624.400
640.056
652.672
614.444
624.400
634.508
634.812
655.560
663.312
626.417
468.625
462.696
473.861
510.975
533.613
531.072
496.114
527.068
530.302
535.076
535.384
537.848
538.079
501.196
531.303
553.623
635.876
561.000
536.000
536.000
522.525
528.377
540.620
651.000
630.328
647.884
624.628
569.187
605.300
401.379
248.696
230.684
232.474
357.557
