1813.319
1768.624
1838.423
1814.844
1916.191
1871.576
1758.003
1594.911
1631.292
1496.375
1820.046
1935.255
1868.886
1782.044
1632.905
1568.833
1578.015
1742.395
1630.615
1587.058
1651.674
1522.944
1581.350
1585.063
1622.953
1560.189
1636.351
1533.327
1553.424
1621.837
1562.956
1657.811
1606.977
1615.272
1491.206
1630.151
1531.514
1532.350
1511.391
1527.362
1455.833
1447.440
1526.603
1453.107
1477.015
1549.929
1486.718
1545.830
1537.649
1468.360
1482.141
1517.928
1515.020
1507.107
1552.116
1508.319
1491.466
1516.154
1516.967
1548.007
1577.651
1581.523
1550.106
1510.667
1501.426
1659.715
1782.869
1772.558
1769.317
1744.061
1705.566
1717.188
1717.650
1710.566
1762.310
1762.772
1706.485
1676.023
1711.336
1721.731
1710.643
1701.638
1691.012
1676.160
1704.950
1748.450
1719.736
1785.737
1755.919
1670.569
1676.148
1565.059
1502.010
1679.489
1621.997
1665.953
1692.949
1672.284
1698.640
1718.343
1726.298
1630.695
1633.682
1491.602
1524.999
1571.577
1354.973
1076.334
1025.527
1142.464
1161.801
846.793
784.151
828.098
858.720
880.436
1598.540
1695.744
