794.807
766.000
766.000
766.000
766.000
769.003
766.000
829.156
841.561
831.400
784.711
807.100
810.583
815.859
776.241
830.295
796.107
824.289
801.728
833.067
821.055
826.626
815.973
815.588
792.796
814.895
798.802
797.416
794.798
784.249
807.503
818.360
807.503
785.327
812.585
799.110
813.047
781.169
779.013
816.435
809.736
811.430
805.809
807.118
767.848
766.000
766.000
766.000
768.772
775.933
784.403
768.849
766.231
771.544
772.622
796.569
790.409
772.853
766.770
789.716
796.107
832.682
809.813
812.277
804.500
791.564
804.500
804.038
840.613
808.504
809.043
778.936
766.000
766.000
744.948
720.248
701.856
731.876
778.474
