449.830
478.355
479.164
457.486
483.180
487.408
501.368
508.982
531.649
489.597
136.484
207.458
248.465
300.515
244.759
312.573
80.373
257.583
134.225
279.909
138.477
221.406
60.168
158.060
134.058
203.821
67.256
43.543
39.258
83.094
124.731
119.589
107.585
64.943
185.325
146.756
85.898
72.484
20.762
61.948
70.393
98.095
44.986
23.340
79.458
65.425
111.450
103.051
82.631
127.256
101.358
87.695
51.027
63.912
110.750
94.084
105.045
186.794
203.398
72.327
21.174
50.802
80.621
97.150
99.416
105.970
76.810
75.261
86.476
78.784
54.725
33.688
29.707
51.010
92.369
108.041
135.940
139.089
471.308
