1465.080
1389.992
1373.507
1377.307
1355.207
1375.480
1382.147
1376.506
1398.361
1367.229
1320.188
1472.392
1471.708
1487.782
1489.720
1455.712
1442.391
1435.768
1433.994
1445.393
1450.561
1455.379
1423.895
1453.936
1457.178
1442.501
1446.263
1480.296
1441.802
1454.342
1458.921
1458.465
1451.660
1441.689
1466.616
1434.523
1437.468
1443.018
1457.439
1431.971
1424.987
1438.146
1419.839
1439.466
1433.172
1442.695
1437.451
1450.523
1436.570
1448.908
1415.305
1433.062
1434.048
1419.436
1445.659
1441.189
1424.589
1405.505
1419.099
1440.221
1420.350
1439.744
1447.651
1461.486
1441.051
1445.431
1411.144
1380.066
1367.557
1356.404
1359.995
1375.043
1380.306
1399.304
1397.946
1401.408
1374.207
1389.233
1388.560
1384.581
1387.267
1398.745
1390.742
1418.690
1419.137
1404.859
1379.110
1365.809
1398.524
1405.592
1408.631
1444.291
1438.109
1405.415
1407.938
1422.601
1408.360
1399.482
1389.613
1416.950
1432.055
1418.526
1449.193
1440.282
1417.295
1430.586
1405.432
1330.938
1269.402
1290.697
1312.900
1094.061
1028.269
1012.346
1021.980
1027.072
1101.580
1338.392
1461.429
