449.875
462.472
436.690
479.630
453.519
479.478
509.917
474.542
442.927
511.723
468.567
491.750
472.663
475.912
487.542
494.915
468.093
474.471
525.639
489.940
495.709
465.320
488.897
504.244
477.819
484.835
489.100
487.378
542.344
516.331
459.616
527.795
546.480
483.312
492.863
495.682
493.619
488.756
477.790
482.467
468.697
501.203
462.125
471.052
511.119
514.777
500.394
478.257
508.370
484.723
512.375
464.818
498.595
496.533
500.185
473.647
488.716
519.733
482.736
475.976
479.713
504.374
501.211
476.935
445.000
109.767
115.347
160.872
104.572
76.431
75.888
152.908
88.186
91.240
51.619
44.792
39.488
27.591
191.226
451.237
486.080
457.158
487.474
520.078
477.300
536.593
471.559
144.798
40.612
60.671
133.547
45.346
78.994
13.490
133.988
78.978
90.069
73.275
20.774
39.474
38.465
47.299
51.749
