472.527
461.579
549.029
621.018
630.587
548.236
544.056
579.320
535.076
540.739
585.932
586.725
660.818
677.912
661.126
650.500
629.867
687.691
660.202
576.224
539.192
538.051
541.777
551.276
552.169
533.382
540.877
538.128
556.669
543.752
615.223
654.119
687.229
603.835
694.467
618.242
691.772
700.319
675.582
674.139
640.760
671.213
662.993
478.741
651.962
663.123
652.349
671.829
685.458
705.940
618.964
687.229
681.839
664.314
575.292
556.144
570.732
570.580
571.872
558.344
559.180
592.620
569.972
592.316
559.180
552.069
589.656
623.705
633.252
615.075
635.486
627.323
620.046
560.611
627.015
639.489
628.170
626.553
610.715
596.952
614.621
692.234
688.846
534.341
667.521
664.458
695.699
686.613
688.076
639.789
744.821
736.278
725.498
767.484
741.283
767.021
638.026
683.302
647.959
648.113
670.982
656.121
671.752
686.998
643.647
