1231.999
1251.048
1443.976
1539.341
1500.190
1513.647
1513.688
1535.074
1597.062
1627.981
1594.757
1628.479
1596.615
1644.082
1604.471
1641.614
1565.486
1602.716
1544.265
1643.948
1628.013
1585.601
1634.440
1592.486
1592.555
1565.620
1536.080
1623.225
1580.331
1636.653
1592.277
1604.901
1585.480
1637.373
1604.311
1548.841
1620.561
1645.603
1618.908
1578.213
1637.894
1567.595
1618.566
1614.777
1611.788
1532.590
1606.533
1615.924
1560.756
1654.674
1616.072
1653.830
1581.070
1581.582
1632.479
1587.558
