842.000
842.000
842.000
842.000
842.000
842.000
842.000
842.000
842.000
842.000
842.000
842.231
842.000
842.000
842.000
842.000
842.000
842.000
842.000
842.000
849.238
842.000
842.000
844.079
842.539
842.308
842.000
844.387
842.000
865.485
851.394
844.387
844.618
842.000
842.000
842.000
842.000
842.000
842.000
842.000
842.000
842.000
842.000
842.000
842.000
842.280
819.041
815.049
781.477
768.387
830.449
833.914
826.214
825.521
841.306
826.984
842.538
843.000
843.000
818.745
836.532
836.609
818.591
824.289
822.441
829.274
842.000
842.000
831.604
828.413
842.000
842.000
842.000
842.000
842.025
842.000
842.000
842.000
842.000
842.000
842.820
842.405
842.057
890.972
916.382
899.442
917.229
919.000
901.752
879.191
852.934
842.000
842.000
842.000
842.000
842.000
842.000
842.000
842.000
842.000
842.000
842.000
842.663
842.888
842.860
842.691
842.784
842.610
842.881
842.946
842.685
842.930
842.777
842.973
842.479
842.746
844.148
842.939
843.000
842.960
842.674
842.750
842.770
842.979
843.315
842.938
885.197
919.000
913.832
884.350
919.000
919.000
919.000
898.556
901.206
919.000
919.000
919.000
919.000
912.646
910.936
895.551
900.342
898.289
862.325
867.096
899.504
