1812.749
1963.880
1965.334
1992.557
1932.184
1970.138
1936.055
1979.978
1941.314
2015.860
1920.049
2002.868
1926.378
1940.437
1995.783
1952.904
1921.987
1880.435
1906.856
1929.554
1973.064
1936.665
1991.323
1943.753
1873.396
1980.442
1893.788
2040.635
1981.480
1898.847
1904.821
1963.878
1946.025
1950.890
1911.900
1943.942
1926.570
1947.848
1966.989
1970.259
1989.756
1956.957
1956.667
1959.934
1999.468
1926.184
1939.562
1932.633
1929.217
1991.811
1928.472
1910.058
1902.730
1964.389
1938.772
1971.443
1934.522
1906.196
1990.169
2003.240
1900.952
1960.963
1924.304
1916.649
1891.036
1941.000
1990.014
1923.631
1960.041
1960.003
1955.662
1954.907
1905.955
1929.238
1893.449
1903.867
1944.963
1977.514
1922.597
1925.969
1884.398
1921.392
1950.903
1915.591
1961.073
1910.437
1973.853
1991.725
1994.697
1948.630
2016.649
1954.146
2014.702
1983.929
1956.968
1981.418
1937.076
1934.221
1933.500
1917.413
1919.331
1932.590
1953.869
1932.226
1889.675
1965.442
1908.167
1949.980
1966.838
1937.050
