460.0
460.0
460.0
444.4
446.1
441.1
460.0
442.3
452.0
440.4
448.2
450.3
449.0
455.1
451.7
452.1
449.2
443.0
437.9
454.5
460.0
460.0
449.7
433.1
440.4
453.6
450.0
451.6
455.7
451.9
460.0
460.0
460.0
460.0
460.0
460.0
460.0
460.0
442.4
440.6
449.7
441.8
443.3
447.4
446.8
452.2
443.8
442.9
450.8
454.2
444.3
451.7
432.3
445.8
445.7
439.7
458.8
443.5
460.0
448.4
454.8
454.1
455.2
460.0
446.4
446.3
437.9
442.5
446.1
438.7
456.6
459.1
447.4
447.6
443.3
450.9
443.4
444.1
460.0
448.9
452.8
451.7
451.1
455.1
450.6
437.4
457.8
445.8
455.5
452.2
440.1
449.8
444.4
451.6
437.5
454.3
449.6
455.5
454.5
453.6
449.1
431.9
444.3
436.7
446.2
433.7
454.9
436.3
438.0
448.6
460.0
448.3
448.8
449.8
447.4
441.7
451.8
445.4
448.2
432.0
441.8
452.4
432.0
456.1
447.2
440.3
442.1
446.9
439.5
455.5
451.3
444.8
449.5
460.0
460.0
457.4
456.8
456.0
444.9
451.5
444.2
452.2
449.8
460.0
444.8
438.8
433.2
449.6
437.4
454.1
458.4
460.0
460.0
460.0
456.4
451.9
454.8
450.4
444.4
452.7
452.1
452.7
459.5
447.8
453.2
460.0
450.9
450.5
455.6
444.5
443.1
449.8
447.3
440.1
445.4
449.3
454.6
444.7
432.4
452.8
453.2
426.4
460.0
459.0
445.2
439.8
451.8
459.7
460.0
449.7
456.0
460.0
460.0
459.8
450.9
452.5
447.4
448.3
444.0
448.5
458.2
460.0
460.0
443.5
446.7
437.8
453.1
432.7
454.1
458.1
436.0
455.0
455.5
437.4
440.4
444.1
442.8
447.7
456.0
448.8
424.7
447.8
445.3
448.9
451.1
456.1
452.5
451.6
460.0
453.1
458.8
447.1
455.5
450.5
453.7
453.3
444.5
428.8
444.0
454.1
454.8
460.0
447.4
452.0
446.5
435.4
447.1
437.0
452.7
449.5
456.1
450.3
458.7
455.0
453.1
457.7
446.1
444.8
445.8
437.2
