2781.128
2945.524
2910.002
3074.006
2876.759
2882.977
2888.157
2863.932
2875.231
2989.098
2904.662
2909.628
2893.021
2948.137
2894.106
2887.901
2805.491
2829.671
3068.235
2945.455
2930.116
2966.339
2896.444
2989.760
2948.761
2928.215
2903.038
2938.149
2926.696
2933.160
2903.788
2882.806
2931.216
2951.178
2825.236
2880.933
2963.723
2878.770
2841.801
2838.705
2933.217
2886.200
2852.935
2894.772
2985.316
2924.664
2826.507
2929.995
3005.426
2938.887
2797.124
2956.872
2877.212
2871.906
2828.714
2877.622
3025.429
2987.905
3074.677
2880.760
3052.999
2928.716
2997.895
2931.901
2862.200
3015.346
2806.209
2752.033
2982.101
2834.474
2876.042
2865.053
3048.404
2835.935
