19.0
19.0
4.6
11.7
16.6
10.1
0.0
11.5
5.0
4.8
0.0
0.0
0.0
0.0
1.2
5.4
9.1
10.0
0.0
3.9
0.0
4.6
16.3
12.2
6.4
11.2
19.0
9.1
4.8
7.3
19.0
0.9
0.0
0.0
0.0
0.0
4.8
0.0
4.6
0.0
3.5
0.0
4.8
14.6
17.2
11.9
3.4
0.0
0.0
0.0
0.1
4.4
0.0
0.0
0.0
2.3
19.0
7.5
0.0
1.5
0.3
17.8
11.5
0.1
0.0
0.0
16.7
8.9
0.0
16.4
0.4
5.1
0.0
0.0
0.0
3.0
2.2
3.0
0.0
2.2
0.0
2.9
10.6
19.0
7.3
6.2
8.6
0.0
12.3
14.5
0.0
2.5
0.0
3.4
6.9
9.4
17.7
2.1
0.0
0.0
0.0
2.5
6.5
0.0
4.0
0.3
0.0
3.6
3.8
17.2
14.0
14.6
4.8
8.1
1.1
0.0
0.0
0.0
0.0
0.0
1.9
2.3
18.4
0.0
6.6
0.0
0.0
0.0
0.0
0.0
0.0
0.0
14.7
9.1
0.0
17.7
1.6
0.0
3.9
0.0
0.0
0.0
3.8
0.0
0.0
0.0
4.1
0.0
15.1
2.8
0.0
0.0
2.5
0.0
16.2
9.4
0.0
0.0
0.0
2.1
0.0
12.6
15.2
0.0
0.0
0.0
0.0
4.2
4.6
4.4
0.0
2.9
2.4
2.6
9.0
13.7
16.8
18.0
0.0
0.0
3.2
0.0
3.3
0.0
0.0
2.5
0.0
6.2
17.7
0.0
0.0
2.3
0.0
0.0
0.0
0.0
0.0
0.0
17.4
6.0
3.6
17.6
0.2
0.0
5.3
12.0
0.2
1.3
95.6
56.8
25.7
104.4
58.4
26.1
15.6
10.7
19.0
2.8
5.5
0.0
0.0
3.5
19.0
1.3
0.0
4.2
0.0
0.0
0.0
14.4
8.7
0.0
0.0
0.0
0.0
0.0
0.0
0.0
1.8
0.0
3.1
0.0
7.6
18.4
14.6
18.1
6.9
5.7
0.0
0.0
0.0
2.7
1.3
4.2
0.0
5.3
17.1
15.4
180.8
306.3
359.0
353.3
174.3
61.1
22.8
12.3
13.4
12.0
12.2
19.0
6.2
4.8
0.0
0.0
0.0
5.4
0.0
0.0
6.1
7.2
0.0
0.0
16.9
0.7
3.2
0.0
0.0
0.0
14.8
14.3
0.0
0.0
0.0
0.3
3.2
15.9
14.1
6.1
0.1
0.0
0.0
0.0
0.0
0.0
0.0
0.0
0.0
0.0
12.1
4.4
16.1
9.0
0.0
0.0
3.4
5.1
12.2
12.5
0.0
2.1
1.9
8.9
10.0
0.0
0.0
1.8
0.0
4.1
0.0
0.0
0.0
0.0
16.0
10.5
7.7
19.0
7.1
5.7
0.0
0.0
0.0
4.0
0.0
0.0
4.4
0.0
0.0
0.0
17.5
17.2
19.0
2.7
0.0
0.0
12.7
12.2
4.0
3.6
6.5
7.5
7.1
17.0
9.2
0.0
0.0
0.0
0.0
0.0
3.6
0.0
3.2
0.0
0.0
0.0
11.6
9.5
19.0
19.0
6.7
0.0
0.0
0.0
3.9
0.0
0.0
0.2
3.9
7.4
19.0
13.1
0.0
3.0
11.3
16.4
0.0
4.0
0.0
0.0
14.2
17.4
14.4
19.0
1.0
0.0
5.4
0.0
0.0
0.0
2.4
0.0
0.0
0.0
0.0
0.0
18.0
9.6
0.0
0.0
0.0
4.7
10.5
19.0
6.9
0.0
3.2
0.0
2.4
16.2
6.5
6.0
0.7
6.7
0.0
0.0
0.0
0.0
1.4
2.6
0.0
