2836.130
2886.592
2985.573
2939.114
2911.439
2865.983
2934.926
3002.311
2907.814
2891.812
2831.265
2856.321
2880.748
2947.444
2960.188
2970.821
2883.084
2890.651
2988.563
2847.455
2883.574
2830.553
2892.893
2925.425
2838.941
2932.673
2954.206
2977.186
2989.257
3009.652
2854.393
2979.122
2955.629
2965.384
2937.814
2913.946
2933.102
3007.906
2852.641
3020.871
2903.771
3007.808
2863.024
2869.301
2822.489
2936.094
2938.690
3043.496
2977.377
2859.698
3014.963
2976.677
2850.986
2977.895
3035.324
2775.673
2776.900
2955.631
2936.822
2898.866
2972.273
3032.411
2965.095
2945.645
2939.773
2893.186
2976.755
3016.686
2953.449
2890.082
2998.735
2884.508
2979.677
