153.000
153.000
153.000
153.000
153.000
153.000
153.000
153.000
153.000
153.000
153.000
153.000
153.000
153.000
153.000
153.000
153.000
153.000
153.000
153.000
153.000
153.000
153.000
153.000
153.000
153.000
153.000
153.000
153.000
153.000
153.000
153.000
153.000
153.000
153.000
153.000
153.000
153.000
153.000
153.000
153.000
153.000
153.000
153.000
153.000
153.000
153.000
153.000
153.000
153.000
153.000
153.000
153.000
153.000
153.000
153.000
153.000
153.000
153.000
153.000
153.000
153.000
153.000
153.000
153.000
153.000
153.000
153.000
153.000
153.000
153.000
153.000
153.000
153.000
153.000
153.000
153.000
153.000
153.000
153.000
153.000
153.000
153.000
153.000
153.000
153.000
153.000
153.000
153.000
153.000
153.000
153.000
153.000
153.000
153.000
153.000
153.000
153.000
153.000
153.000
153.000
153.000
153.000
166.068
354.895
383.000
383.000
383.000
352.477
170.325
153.000
160.392
217.619
170.630
