229.848
229.000
229.000
229.000
229.000
229.000
229.000
229.000
229.000
229.000
229.000
229.000
229.000
229.000
229.000
229.000
229.000
229.000
229.000
229.000
229.000
236.931
229.000
229.000
229.000
229.000
229.000
229.000
229.000
229.000
229.000
229.000
229.000
229.000
274.037
242.090
229.000
229.000
229.000
229.000
229.000
229.000
229.000
229.000
229.000
229.000
229.000
229.000
239.703
229.000
236.007
229.000
239.395
229.000
229.000
229.000
229.000
229.000
229.000
229.000
229.000
229.000
229.000
229.000
229.000
229.000
229.000
229.000
229.000
229.000
229.000
229.000
229.000
229.000
229.000
229.000
229.000
229.000
229.000
267.962
229.000
229.000
229.000
249.405
246.017
229.000
229.000
229.000
229.000
229.000
229.000
229.000
229.000
229.000
229.000
229.000
229.000
239.164
229.000
229.000
229.000
229.000
229.000
229.000
229.000
229.000
229.000
229.000
229.000
229.000
229.000
229.000
229.000
229.000
241.782
229.000
229.000
229.000
229.000
229.000
229.000
229.000
229.000
229.000
229.000
229.000
229.000
229.000
229.000
229.000
229.000
229.000
229.000
229.000
229.000
229.000
229.000
229.000
229.000
229.000
229.000
229.000
229.000
229.000
229.000
242.937
229.000
229.000
229.000
229.000
229.000
229.000
229.000
229.000
229.000
270.830
915.929
932.014
895.656
927.549
988.559
939.714
932.091
1049.876
478.626
229.000
232.850
306.280
234.929
779.787
1100.473
