494.5
531.3
498.8
494.3
528.5
541.4
554.5
604.6
580.2
525.9
499.6
542.9
500.2
491.6
507.7
496.8
453.6
465.2
487.8
493.5
493.7
436.9
489.2
513.3
510.3
535.0
512.1
533.8
531.6
498.7
441.7
480.4
511.7
514.5
508.9
516.4
505.7
492.1
502.4
429.9
448.5
496.7
506.6
502.2
478.8
477.4
509.1
479.3
467.0
507.3
510.6
516.5
512.5
476.0
467.4
489.1
530.4
522.9
521.8
512.4
494.9
467.6
396.4
478.8
498.2
499.8
450.6
478.5
498.1
468.9
479.7
485.9
495.3
478.4
492.4
504.3
528.1
509.5
469.0
511.2
516.7
520.5
500.0
458.0
501.8
525.2
516.8
487.2
489.1
503.4
506.7
527.3
540.4
554.8
541.9
525.6
490.7
482.6
438.6
470.1
501.8
517.3
511.2
542.9
590.1
568.8
554.0
533.0
489.2
471.0
512.6
494.4
450.8
433.4
453.4
495.8
496.4
512.9
514.9
496.1
516.4
531.9
513.6
514.5
501.5
498.6
493.1
503.1
496.8
499.7
490.5
497.0
483.1
473.7
454.3
485.2
487.1
479.1
485.7
505.8
474.5
478.7
504.0
533.5
534.3
508.4
531.7
516.5
505.5
510.8
533.6
518.5
518.8
532.7
533.8
535.6
535.9
517.0
512.6
491.4
475.2
492.7
499.3
513.6
524.2
563.2
556.9
527.1
509.6
527.2
509.8
537.3
529.9
522.4
502.2
474.1
466.4
484.3
458.0
425.9
431.6
427.3
475.2
452.5
432.7
469.3
389.1
359.0
358.9
361.4
396.2
440.3
440.7
406.8
408.7
427.3
421.2
396.6
407.9
441.1
475.7
474.4
480.3
471.8
473.0
441.8
407.5
391.9
387.9
390.0
453.5
475.2
473.1
460.0
452.1
413.2
408.7
382.0
377.1
389.8
417.2
441.3
477.3
548.1
585.8
496.1
426.7
388.5
375.2
382.1
429.1
488.4
511.1
528.2
490.1
423.1
406.4
397.0
384.4
384.6
383.5
383.0
393.7
396.6
401.5
397.7
387.4
373.9
255.6
214.1
327.1
362.7
369.7
385.8
405.5
459.1
440.1
434.7
433.6
396.4
386.8
438.6
431.6
439.1
439.5
435.5
432.6
410.5
387.9
372.3
375.6
307.1
349.1
381.6
404.4
454.5
481.6
433.5
436.6
391.5
357.0
374.2
400.0
402.0
402.2
389.9
394.3
401.7
403.7
386.9
383.0
383.0
401.5
411.8
427.2
266.5
372.1
446.2
485.7
480.3
478.3
480.6
485.1
491.8
449.2
500.0
512.8
520.5
464.0
466.7
478.6
484.0
512.9
527.8
525.6
509.8
502.8
497.4
475.4
503.1
508.0
510.5
498.3
516.0
498.1
509.2
514.3
509.8
510.1
495.5
502.4
490.3
508.9
517.5
525.7
500.0
503.1
488.2
514.7
512.4
460.9
446.8
437.7
447.6
460.6
487.2
514.5
496.4
477.8
481.2
504.6
504.3
501.8
515.0
508.4
517.0
521.4
534.7
556.0
566.7
554.7
542.0
494.1
520.9
536.6
529.4
559.0
580.5
581.4
539.4
513.9
517.0
522.3
523.0
498.9
491.0
514.6
532.7
520.5
518.2
472.1
481.4
474.4
481.7
509.8
522.7
500.9
509.1
504.6
478.1
493.6
514.8
505.3
436.9
428.9
453.4
493.2
485.2
509.7
515.7
546.4
572.9
550.4
530.3
515.2
527.9
508.2
523.0
518.4
519.3
541.0
531.1
533.6
538.7
565.5
577.6
551.7
525.8
517.0
502.3
515.4
507.6
520.0
524.5
515.2
532.7
516.0
549.2
525.7
528.1
520.2
546.3
544.5
539.3
531.6
552.8
561.6
542.9
537.5
540.0
515.3
507.3
513.7
521.7
528.1
522.3
523.8
521.1
531.3
548.5
489.3
500.3
514.5
509.4
492.7
502.9
555.7
553.0
528.4
528.8
537.9
532.4
539.4
554.8
544.9
548.4
566.6
569.5
537.2
562.9
593.4
550.2
512.7
510.4
537.3
543.6
535.4
559.9
559.1
528.8
517.0
512.9
495.7
523.3
528.9
551.9
529.0
500.9
509.8
509.7
489.9
347.7
213.2
247.8
130.1
140.9
213.4
225.7
143.1
221.9
156.1
275.0
226.3
104.0
220.0
