771.7
766.0
766.0
766.0
766.0
766.0
766.0
773.1
812.2
814.0
766.0
766.0
766.0
766.0
766.0
766.0
766.0
766.0
766.0
766.0
794.8
823.8
822.7
792.5
796.7
774.2
828.8
795.6
789.4
814.5
782.5
795.8
790.0
771.5
766.0
766.0
766.0
766.0
766.0
766.5
766.0
766.0
773.0
785.3
766.3
766.0
766.0
766.0
766.0
766.0
766.0
766.0
766.0
766.0
766.0
766.0
766.0
766.0
766.0
766.0
766.0
766.0
766.0
766.0
766.0
766.0
766.0
816.0
843.0
843.0
843.0
819.1
799.7
841.8
825.0
766.0
766.0
766.0
766.0
766.0
766.0
788.4
825.0
821.5
813.7
796.3
804.4
769.6
766.0
766.0
766.0
816.5
798.9
787.5
766.0
766.0
780.0
815.6
819.9
826.3
829.2
831.7
806.0
828.1
787.8
782.8
790.8
822.6
794.9
766.2
766.0
766.0
802.4
817.5
776.1
779.8
798.4
769.4
815.9
766.4
812.9
766.7
766.0
766.0
766.0
766.0
782.4
777.7
800.0
766.0
766.0
784.6
792.5
794.6
769.6
766.0
766.0
766.0
766.0
766.0
766.0
785.5
811.6
780.2
804.6
766.0
766.0
766.2
766.0
767.9
766.0
766.0
766.0
766.0
766.0
766.0
766.0
766.0
766.0
766.0
777.4
806.7
771.4
766.0
766.0
766.0
766.0
766.0
766.0
766.0
766.0
766.0
766.0
766.0
766.0
766.0
766.0
766.0
766.0
766.0
766.0
766.0
766.0
766.0
766.0
766.0
766.0
776.3
805.2
770.8
766.7
773.3
781.2
840.4
837.2
774.8
766.0
766.0
766.0
772.6
774.6
794.9
776.3
808.1
835.8
817.1
809.7
834.7
792.0
772.8
790.6
778.7
800.6
769.5
766.0
766.0
782.1
783.9
766.0
766.0
776.3
809.0
798.5
808.1
796.3
839.5
812.9
808.7
812.3
807.5
799.1
786.6
780.9
801.5
834.5
800.9
805.7
787.4
783.8
843.0
843.0
841.6
787.9
814.8
837.1
832.9
767.2
770.9
768.2
776.9
783.5
774.2
770.5
766.0
766.0
766.0
766.0
766.8
798.6
774.2
786.9
783.2
766.0
766.0
766.0
766.0
766.0
766.0
812.5
813.6
777.5
787.9
780.7
774.2
766.2
797.1
840.8
776.1
766.0
766.0
793.0
807.8
827.7
821.0
773.3
792.3
814.2
825.2
797.9
766.0
766.0
766.0
766.0
766.0
766.0
766.0
766.0
766.0
766.0
766.0
767.2
766.0
766.0
766.0
766.0
766.0
766.0
766.0
766.0
766.0
766.0
766.0
766.0
766.0
766.0
766.0
766.0
766.0
766.0
766.0
766.0
766.0
782.7
821.1
795.5
771.1
798.4
774.9
785.2
793.5
789.5
809.8
841.4
842.5
843.0
843.0
843.0
843.0
843.0
843.0
843.0
843.0
843.0
842.3
842.0
842.6
843.0
843.0
843.0
843.0
843.0
843.0
843.0
843.0
843.0
843.0
843.0
843.0
843.0
843.0
843.0
843.0
843.0
843.0
843.0
843.0
843.0
809.8
810.6
836.0
834.8
837.8
801.1
815.9
834.1
843.0
843.0
843.0
843.0
836.5
828.8
842.5
843.0
843.0
843.0
843.0
843.0
843.0
843.0
843.0
843.0
826.0
834.7
843.0
843.0
843.0
843.0
843.0
843.0
843.0
843.0
843.0
