766.0
826.6
819.2
841.8
842.0
842.0
842.0
827.9
766.0
818.1
842.0
842.0
778.5
766.0
766.0
766.0
766.0
766.0
766.0
766.0
766.0
766.0
766.0
766.0
766.0
766.5
841.8
842.0
842.0
842.0
842.0
839.0
766.0
770.1
808.6
766.7
766.0
766.0
766.0
830.1
842.0
824.0
820.0
842.0
842.0
842.0
842.0
842.0
842.0
842.0
842.0
842.0
842.0
842.0
842.0
842.0
842.0
842.0
842.0
842.0
842.0
842.0
842.0
842.0
842.0
842.0
842.0
842.0
842.0
842.0
842.0
842.0
842.0
842.0
842.0
842.0
842.0
842.0
842.0
812.7
797.3
842.0
842.0
842.0
842.0
841.5
838.0
842.4
842.0
842.0
842.0
842.0
842.0
842.0
842.0
842.0
842.0
842.0
842.0
842.0
842.0
842.0
842.0
842.0
842.0
842.0
842.0
842.0
842.0
842.0
842.0
842.0
842.0
835.3
842.0
842.0
842.0
842.0
842.0
842.0
842.0
842.0
842.0
842.0
842.0
842.0
842.0
842.0
842.0
842.0
842.0
842.0
842.0
842.0
842.0
842.0
842.0
842.0
842.0
842.0
842.0
842.0
842.0
842.0
842.0
842.0
842.0
842.0
842.0
842.0
842.0
842.0
842.0
842.0
842.0
842.0
842.0
842.0
842.0
842.0
842.0
842.0
842.0
842.0
842.0
842.0
842.0
842.0
842.0
842.0
842.0
842.0
842.0
842.0
842.0
842.0
842.0
842.0
842.0
842.0
842.0
842.0
842.0
842.0
842.0
842.0
842.0
842.0
842.0
842.0
842.0
842.0
842.0
842.0
842.0
842.0
842.0
842.0
842.0
842.0
842.0
842.0
842.0
842.0
842.0
842.0
842.0
842.0
842.0
842.0
842.0
842.0
842.0
842.0
842.0
842.0
842.0
842.0
842.0
842.0
842.0
842.0
842.0
842.0
842.0
842.0
842.0
842.0
842.0
842.0
842.0
842.0
842.0
842.0
842.0
842.0
842.0
842.0
842.0
842.0
842.0
842.0
842.0
842.0
842.0
842.0
842.0
842.0
842.0
842.0
842.0
842.0
842.0
842.0
842.0
842.0
859.6
878.5
913.4
848.8
842.0
842.0
842.0
865.2
880.5
888.2
872.0
896.7
880.3
842.0
846.9
855.7
867.6
871.9
846.0
897.8
842.0
869.5
906.4
895.0
890.0
842.0
842.0
846.1
854.4
851.9
842.9
842.0
849.7
842.0
842.0
842.0
842.0
842.0
842.0
842.0
843.5
873.5
869.4
871.2
884.9
842.0
842.0
842.0
842.0
842.0
842.0
842.0
842.0
842.0
842.0
842.0
842.0
842.0
842.0
842.0
842.0
842.0
842.0
842.0
842.0
842.0
842.0
842.0
842.0
842.0
842.0
842.0
842.0
842.0
842.0
842.0
863.2
869.3
842.0
865.3
852.7
842.0
851.2
843.7
872.8
882.7
872.3
915.0
917.4
919.0
918.1
918.4
918.6
919.0
913.3
884.1
852.5
880.4
846.5
885.7
875.6
842.3
889.4
913.6
879.7
908.0
913.7
919.0
918.8
918.3
918.9
918.9
911.6
880.9
919.0
919.0
918.9
918.8
919.0
913.6
907.2
919.0
888.9
880.0
850.5
908.7
865.9
905.4
882.3
900.9
880.1
894.6
898.7
874.7
843.7
842.0
887.9
900.1
906.1
888.5
859.9
912.8
884.2
883.3
884.4
882.9
913.7
914.1
865.9
842.0
842.0
876.1
919.0
919.0
905.9
903.5
849.5
842.0
871.5
907.9
880.3
856.3
904.1
916.5
918.3
918.2
918.3
875.9
894.7
884.4
872.1
845.2
865.1
910.8
881.2
859.6
909.6
894.5
883.6
910.8
852.9
875.8
854.1
905.8
900.2
907.4
878.3
887.8
854.0
876.5
872.9
891.4
919.0
919.0
919.0
917.9
918.2
903.4
912.4
887.4
855.5
901.1
899.7
870.3
877.2
859.5
842.0
842.0
881.9
890.1
891.9
882.3
906.5
865.6
871.0
896.1
868.3
842.0
842.0
853.5
917.3
919.0
894.7
898.1
900.0
873.1
845.1
860.0
859.2
842.0
842.0
918.1
884.1
838.8
766.0
766.0
766.0
766.0
766.0
766.0
766.0
