517.7
510.2
457.8
471.0
480.1
489.9
453.5
479.3
515.4
539.2
525.6
502.9
494.8
489.2
498.4
426.0
501.1
550.3
545.6
551.7
575.3
571.8
542.8
546.6
519.5
562.4
555.0
530.1
468.8
507.4
505.1
444.5
508.9
571.1
541.8
578.7
511.8
462.9
449.3
440.0
446.6
513.4
503.9
529.4
558.6
533.8
546.4
541.7
515.9
547.6
543.8
550.2
492.2
502.2
523.9
524.7
534.8
535.1
544.3
551.4
538.9
523.1
520.2
516.0
528.6
528.3
528.1
522.5
522.4
522.1
528.1
531.0
529.0
526.1
508.3
501.2
507.9
529.9
499.8
486.4
516.1
519.1
523.0
515.4
510.9
448.7
276.2
351.0
504.6
516.9
522.4
502.8
517.8
533.7
540.0
507.6
511.9
500.1
504.5
465.0
490.9
494.3
520.2
526.5
498.9
506.5
498.6
521.1
507.5
493.5
516.3
498.6
509.5
485.8
505.5
503.9
462.5
503.5
536.7
502.0
493.4
501.9
509.3
519.9
518.8
517.0
547.0
541.2
546.1
537.0
508.5
500.5
537.0
555.2
533.7
519.9
527.1
549.5
557.1
544.7
556.3
569.3
541.3
506.5
516.2
522.3
517.5
505.4
497.7
506.7
517.0
514.6
404.8
333.2
257.0
117.8
184.2
72.9
40.6
150.2
71.7
30.8
148.7
95.1
156.6
97.3
33.7
19.0
10.5
1.2
101.0
169.1
196.6
381.1
462.9
500.5
540.7
537.7
575.5
572.5
