516.5
511.8
509.2
502.1
460.5
478.0
499.7
497.6
508.8
491.6
440.0
451.3
440.1
451.4
439.4
429.4
405.2
407.5
435.0
442.4
418.9
399.9
406.2
476.6
501.6
485.7
478.8
488.9
473.3
447.7
473.6
507.8
481.7
458.5
482.5
423.4
368.6
514.6
523.7
554.9
506.5
513.5
495.9
485.9
480.2
499.5
468.1
475.2
455.3
460.2
464.8
495.0
484.8
501.6
495.1
491.7
480.4
461.8
525.8
530.8
528.9
554.3
522.9
521.7
516.9
483.6
484.1
516.2
522.3
498.2
502.2
484.8
506.7
491.5
508.3
497.9
498.0
518.5
528.7
531.3
529.7
523.6
531.0
534.8
515.1
527.9
530.2
528.5
503.8
509.1
518.3
501.0
510.3
519.4
517.0
506.7
537.2
538.1
518.9
516.0
495.0
482.6
490.6
497.0
520.5
559.4
521.0
464.9
475.3
484.6
513.1
529.5
522.6
478.5
490.2
487.1
485.6
502.9
495.9
495.6
478.8
481.5
501.9
506.4
496.6
485.6
502.4
476.4
472.8
479.8
474.8
474.3
468.0
484.2
482.3
481.3
529.0
576.7
583.9
558.8
540.2
498.4
533.5
541.0
545.3
547.0
509.7
490.8
507.7
523.2
530.5
542.7
525.2
511.4
498.1
508.0
489.9
487.2
490.3
491.2
493.6
493.3
457.9
473.0
478.8
474.5
483.7
489.9
498.9
490.7
491.0
481.9
494.5
497.4
527.2
503.7
516.5
514.4
517.1
501.5
483.7
482.1
494.7
485.1
485.0
507.0
498.1
495.8
505.4
502.2
490.3
500.0
496.0
505.3
489.9
487.8
479.0
462.5
473.7
474.8
443.8
474.3
494.7
484.8
499.7
500.6
467.2
449.2
512.8
536.4
495.2
491.5
439.0
434.1
440.0
421.8
434.4
484.8
477.6
474.8
476.7
489.0
501.7
498.4
476.7
437.5
463.6
509.7
498.0
492.4
488.0
503.9
515.8
520.6
513.0
518.1
528.2
501.7
503.5
449.0
522.5
542.1
533.1
515.1
501.1
518.2
512.7
480.2
514.0
515.4
530.3
533.5
532.4
543.0
530.7
542.2
521.4
516.3
513.2
523.5
550.4
544.8
554.4
540.5
528.7
502.3
515.5
489.9
478.6
521.5
546.5
531.3
522.7
508.8
521.5
506.0
510.0
515.5
532.7
515.2
548.4
533.3
517.1
516.1
516.4
478.8
508.9
518.6
518.9
517.1
516.1
492.8
496.6
501.8
503.0
494.7
512.0
544.4
538.0
543.0
542.6
534.7
517.6
533.4
507.2
567.3
501.5
498.9
498.9
488.9
522.7
539.2
512.8
502.4
496.3
503.4
488.5
494.2
526.5
503.6
467.9
479.0
492.9
508.3
503.9
487.3
461.5
456.9
498.9
505.5
525.8
498.0
516.5
487.9
493.8
520.2
536.1
537.0
521.0
548.4
523.4
495.7
511.4
509.4
511.7
501.0
520.7
542.3
529.7
571.8
502.8
511.3
520.2
482.4
498.5
481.6
493.2
487.9
449.8
481.5
493.2
497.8
483.0
471.3
491.5
483.2
491.1
498.7
509.9
502.6
506.8
528.9
537.3
527.8
525.7
522.5
513.5
497.8
514.9
490.0
457.4
498.1
476.5
505.4
528.7
523.8
498.8
486.6
482.1
440.0
481.2
504.6
507.4
526.1
504.0
517.9
518.3
507.7
493.4
511.9
498.0
475.5
480.2
494.2
499.1
486.5
503.1
471.4
476.9
485.1
509.9
518.6
523.7
501.4
470.4
460.8
480.2
490.4
498.5
497.4
488.0
488.0
484.9
473.5
469.3
463.0
499.6
504.5
519.9
508.6
557.3
523.6
466.5
452.7
440.0
440.4
421.2
418.1
420.4
434.5
441.6
471.2
495.1
499.8
502.7
508.5
506.9
511.0
494.0
500.5
518.8
497.9
509.5
513.7
514.1
498.4
490.6
460.8
495.2
517.4
545.9
515.6
509.9
525.6
480.9
516.1
535.1
518.0
499.9
544.1
549.2
562.2
545.1
515.6
483.6
509.5
526.8
484.6
488.7
522.5
558.1
563.4
545.0
544.6
556.2
550.2
527.0
517.0
513.4
474.2
491.3
518.8
525.9
510.2
500.2
485.7
484.3
511.4
506.4
486.3
520.9
507.5
518.4
526.3
523.8
523.3
517.4
558.6
553.2
532.4
524.7
486.9
483.5
472.8
506.1
518.7
521.1
531.2
521.1
500.5
511.0
513.6
538.0
518.1
513.1
512.9
510.6
498.2
498.8
491.9
510.3
537.2
556.7
553.1
524.5
269.1
100.5
152.8
121.7
77.9
370.2
495.0
515.7
536.0
525.4
495.8
494.9
375.8
319.7
461.8
500.0
508.3
493.5
471.5
459.0
489.4
486.3
500.4
503.7
541.1
559.7
509.7
466.1
480.1
521.5
521.6
535.8
531.1
491.7
474.0
506.8
509.7
494.7
485.6
503.9
552.7
571.8
562.7
527.5
528.1
534.5
526.7
492.0
479.3
499.4
507.1
513.6
551.8
539.4
480.1
513.2
512.0
523.0
505.4
476.8
484.5
519.1
535.6
509.5
539.4
511.0
510.5
518.9
523.6
527.4
530.6
515.8
485.6
464.3
487.3
503.6
528.6
535.0
487.8
478.1
504.6
503.2
503.3
509.3
505.0
502.1
493.5
509.3
513.6
513.6
506.1
513.8
482.9
508.2
513.0
499.4
510.6
490.3
509.2
531.9
542.6
524.1
514.9
498.5
503.8
522.6
523.7
514.4
517.0
512.2
470.9
456.5
458.7
488.0
531.8
527.7
516.8
513.6
561.3
549.3
527.8
517.0
497.2
463.2
507.7
518.8
528.3
524.0
526.3
540.7
542.6
551.1
552.7
523.2
511.5
511.5
508.2
515.2
512.7
515.9
524.4
559.6
532.4
528.9
532.8
529.2
545.6
561.0
423.8
202.3
231.8
134.9
96.4
117.9
58.5
42.0
19.0
9.8
115.2
192.6
284.7
282.6
138.7
59.3
26.8
19.0
9.3
0.0
0.0
0.0
21.1
160.9
99.4
45.0
19.3
104.3
68.2
32.2
24.5
18.9
4.6
109.5
151.1
111.3
114.9
48.6
29.1
19.0
11.5
0.0
0.0
42.4
164.8
83.6
94.7
85.3
37.4
19.0
14.3
3.3
0.0
0.0
105.2
143.3
68.4
28.7
19.0
19.0
19.0
4.0
0.0
5.8
58.5
165.0
79.6
36.5
22.8
19.9
19.0
19.0
8.2
0.0
1.0
129.2
126.7
53.8
25.4
124.9
77.0
33.3
22.5
19.0
10.8
51.8
172.7
94.3
41.9
19.0
13.7
24.7
166.8
101.8
45.0
19.2
74.4
173.8
81.8
39.1
19.0
19.0
19.0
0.8
0.0
0.0
6.4
138.5
127.6
61.6
27.6
19.0
19.1
19.0
10.2
61.9
193.8
181.9
249.1
195.4
81.5
38.7
19.0
19.0
7.0
0.0
6.9
0.0
115.6
134.1
59.2
112.7
65.6
36.8
19.0
19.0
19.0
2.5
49.9
179.7
100.4
44.6
20.2
14.6
0.0
17.5
113.5
58.6
28.2
98.4
161.3
69.0
28.4
19.0
81.0
78.3
32.4
19.0
6.4
30.3
163.3
93.9
50.3
22.2
22.4
23.2
19.0
8.8
0.0
6.1
100.3
221.4
120.4
51.4
23.0
16.8
1.9
8.0
9.3
0.0
14.9
156.7
106.5
46.0
20.8
17.3
0.0
0.0
11.2
8.6
0.0
48.1
172.6
91.5
100.3
100.1
44.3
26.6
91.9
79.1
34.1
19.0
127.7
131.4
57.6
25.8
19.0
1.8
0.0
0.0
0.0
0.0
