766.0
830.2
843.0
843.0
843.0
843.0
842.4
842.4
820.9
766.0
766.0
766.0
766.0
766.0
766.0
820.0
843.0
828.9
843.0
843.0
839.8
838.8
812.9
807.6
814.0
817.2
835.5
775.1
833.6
842.0
842.0
842.0
842.0
842.0
842.0
842.0
842.0
884.4
905.8
875.0
843.2
883.0
896.5
915.5
865.0
903.4
842.4
842.7
843.0
849.2
842.5
909.7
918.8
918.2
918.9
919.0
919.0
862.5
842.0
842.0
865.1
919.0
919.0
919.0
919.0
919.0
919.0
919.0
919.0
918.9
919.0
919.0
919.0
919.0
919.0
919.0
918.9
918.8
919.0
918.3
919.0
919.0
919.0
919.0
919.0
919.0
919.0
892.4
883.1
919.0
919.0
919.0
849.6
842.0
842.0
842.0
842.0
860.6
843.9
870.7
842.0
842.0
842.0
854.4
865.9
848.1
871.5
898.7
919.0
881.7
842.0
842.0
842.0
842.0
842.0
842.0
842.0
842.0
842.0
860.9
885.7
882.9
858.6
856.9
842.0
842.0
842.0
842.2
842.0
860.2
842.0
861.5
860.7
842.5
842.0
854.4
919.0
919.0
867.5
890.7
918.9
918.4
918.0
918.0
918.0
918.0
918.0
918.2
918.2
918.3
918.1
918.0
918.0
918.0
918.0
918.0
918.1
918.3
918.9
918.9
918.7
918.8
885.4
910.6
919.0
902.9
842.0
842.0
842.0
901.5
919.0
919.0
919.0
892.9
919.0
919.0
919.0
919.0
918.9
919.0
886.9
919.0
919.0
919.0
919.0
919.0
919.0
919.0
919.0
919.0
919.0
919.0
919.0
919.0
907.0
856.6
883.7
917.2
903.0
895.7
919.0
919.0
919.0
918.9
918.7
918.3
918.3
918.2
919.0
892.5
919.0
919.0
909.5
918.4
919.0
919.0
910.6
918.2
919.0
919.0
878.9
848.5
912.1
884.4
919.0
907.4
918.0
905.4
895.8
916.6
919.0
919.0
911.0
919.0
919.0
919.0
919.0
919.0
919.0
919.0
919.0
919.0
919.0
919.0
919.0
919.0
919.0
919.0
918.8
918.9
919.0
919.0
919.0
919.0
919.0
919.0
919.0
919.0
918.7
919.0
918.8
919.0
919.0
918.9
919.0
918.8
919.0
919.0
919.0
919.0
919.0
919.0
919.0
918.8
918.6
915.8
905.2
919.0
919.0
851.7
855.6
846.2
896.0
919.0
919.0
909.3
919.0
919.0
919.0
919.0
919.0
866.4
919.0
919.0
918.5
919.0
919.0
919.0
919.0
919.0
919.0
919.0
919.0
918.9
918.9
919.0
919.0
919.0
917.0
883.1
901.1
896.3
851.4
876.4
917.9
906.7
918.3
875.0
884.1
903.3
883.5
856.5
918.1
866.2
885.6
877.5
852.6
851.2
843.0
875.7
865.4
891.4
907.0
866.3
851.1
851.6
869.8
852.1
879.0
876.3
878.5
874.8
870.0
870.4
871.3
883.8
866.9
866.6
852.7
865.6
867.4
871.3
873.1
859.3
876.0
892.2
850.9
860.3
904.6
866.8
870.1
857.8
846.6
854.9
874.4
885.2
845.8
843.0
862.5
864.5
846.3
904.7
919.0
919.0
919.0
919.0
919.0
919.0
919.0
919.0
919.0
919.0
919.0
919.0
877.9
907.2
919.0
919.0
919.0
919.0
918.2
903.4
886.3
894.9
893.1
898.5
854.9
879.8
865.9
898.3
853.7
843.0
847.9
869.4
852.8
872.3
899.6
843.1
843.0
851.8
866.0
871.3
872.5
917.9
910.7
904.2
904.9
858.3
849.7
911.2
919.0
919.0
919.0
919.0
919.0
919.0
919.0
896.4
919.0
919.0
919.0
919.0
919.0
919.0
919.0
919.0
919.0
919.0
901.9
914.7
894.5
892.9
895.7
912.8
902.4
869.0
897.9
878.6
868.9
843.8
845.4
905.9
897.2
854.1
893.8
866.7
872.5
878.4
862.4
886.6
901.1
919.0
894.4
894.8
883.2
851.0
906.6
853.3
843.2
881.6
919.0
919.0
919.0
919.0
919.0
919.0
919.0
919.0
919.0
878.3
866.9
898.2
919.0
919.0
919.0
919.0
919.0
919.0
919.0
919.0
919.0
919.0
917.2
916.1
919.0
918.8
919.0
919.0
919.0
919.0
919.0
902.0
884.5
883.2
848.6
859.7
913.1
900.3
917.8
902.3
868.9
851.7
904.7
889.3
848.2
842.4
844.2
863.3
877.6
845.9
843.0
850.0
868.3
905.4
860.4
853.1
843.0
843.0
843.0
843.0
843.0
843.0
842.7
843.0
843.0
842.6
843.0
843.0
842.9
843.0
843.0
843.0
843.0
843.0
842.8
843.0
843.0
842.6
880.3
919.0
874.7
886.8
899.8
909.0
919.0
904.3
892.4
842.0
842.0
864.9
862.3
842.1
842.0
848.5
849.9
842.0
878.7
878.1
860.2
842.6
843.0
843.0
843.0
843.0
843.0
843.0
843.0
843.0
843.0
843.0
843.0
842.9
842.6
842.7
842.4
843.0
843.0
843.0
842.9
842.8
842.5
842.7
843.0
843.0
843.0
843.0
843.0
842.3
843.0
842.6
843.0
843.0
842.3
842.3
842.0
842.7
843.0
842.9
842.1
842.4
843.0
843.0
843.0
843.0
843.0
843.0
843.0
843.0
843.0
843.0
843.0
843.0
843.0
843.0
843.0
843.0
843.0
843.0
843.0
843.0
843.0
843.0
843.0
843.0
843.0
843.0
843.0
842.8
843.0
842.9
843.0
843.0
843.0
843.0
843.0
843.0
842.7
842.4
843.0
843.0
843.0
842.2
842.8
843.0
842.3
843.0
843.0
843.0
843.0
843.0
843.0
843.0
843.0
843.0
843.0
842.7
842.2
842.7
843.0
843.0
843.0
843.0
843.0
843.0
843.0
843.0
843.0
842.3
842.1
842.2
843.0
842.5
842.3
843.0
843.0
843.0
