766.0
766.0
766.0
776.5
821.8
778.2
793.4
842.0
842.0
842.0
842.0
842.0
842.0
842.0
842.0
842.0
842.0
842.0
842.0
842.0
842.0
842.0
842.0
842.0
791.7
777.2
831.5
842.0
842.3
842.0
842.0
842.0
842.0
842.0
848.0
842.2
863.2
845.4
842.0
842.0
842.0
848.8
845.7
886.7
901.0
845.5
889.5
845.7
850.5
902.4
909.8
919.0
918.2
900.0
885.4
900.7
913.7
862.5
883.7
906.3
909.0
902.1
894.8
918.0
919.0
889.3
850.9
900.4
876.0
878.0
878.0
908.1
862.9
919.0
919.0
919.0
918.0
919.0
919.0
918.8
919.0
882.7
842.0
842.2
842.0
842.0
842.0
850.5
862.4
849.2
842.0
842.0
842.0
842.0
842.0
892.4
906.1
846.9
842.0
842.0
850.1
855.2
842.0
842.0
843.5
842.0
847.8
863.2
851.8
844.5
842.0
845.2
843.5
855.2
876.3
873.6
891.6
898.2
861.7
855.1
856.4
913.8
912.8
878.0
919.0
919.0
906.4
918.8
918.9
919.0
916.0
919.0
919.0
918.6
918.3
919.0
919.0
919.0
919.0
919.0
919.0
919.0
918.7
919.0
919.0
909.5
918.9
918.2
918.0
894.3
912.1
914.1
919.0
919.0
885.3
864.9
842.0
842.0
842.0
842.0
842.9
842.3
842.0
842.1
843.0
842.5
842.0
842.0
842.0
842.0
842.0
842.0
842.0
842.4
843.5
890.0
903.8
919.0
912.2
854.4
916.4
918.7
918.0
918.0
918.0
918.3
918.6
919.0
875.5
887.0
919.0
919.0
919.0
913.8
886.7
909.4
918.8
889.5
863.1
919.0
912.0
886.0
850.0
852.9
892.8
885.1
870.4
842.0
842.0
842.0
842.2
880.8
857.9
842.0
842.0
842.0
842.0
854.2
867.9
881.5
842.0
854.4
876.0
875.3
845.5
891.2
854.8
879.1
862.5
880.9
842.0
869.4
889.4
910.6
883.2
879.8
882.7
871.3
872.9
842.0
842.0
842.0
853.5
866.3
873.4
878.7
886.9
849.8
871.0
842.3
836.6
