512.3
525.4
438.8
384.3
515.7
545.0
525.1
489.0
519.6
506.1
488.0
497.6
507.5
478.5
467.5
392.9
449.8
403.7
165.7
392.8
465.3
498.8
400.6
202.3
411.4
490.4
492.4
504.6
523.8
565.3
608.0
578.1
541.0
358.9
94.2
27.1
250.0
429.5
449.7
431.1
442.6
467.5
476.3
523.0
546.4
585.5
521.1
455.1
278.3
239.9
456.1
502.1
518.3
515.2
515.4
507.4
498.0
498.0
483.8
447.7
488.2
504.7
457.2
434.4
467.2
487.6
480.6
414.8
466.5
490.2
525.0
518.4
505.6
507.6
498.3
510.6
527.4
562.2
535.2
429.6
168.3
50.0
19.3
17.9
96.6
332.7
479.0
508.9
537.7
527.2
514.5
454.8
167.5
273.1
464.7
472.3
428.3
391.2
475.5
538.4
499.7
385.3
205.3
369.8
493.6
497.6
482.4
471.1
525.8
517.4
510.0
495.9
510.2
512.4
537.2
528.9
436.9
430.1
493.4
505.7
390.4
277.0
263.3
429.5
456.7
438.0
460.5
473.4
502.4
439.1
282.5
161.2
197.0
440.5
474.6
424.6
310.7
454.9
459.6
459.3
444.6
503.4
488.9
492.7
513.9
471.4
468.7
496.8
512.8
469.3
487.9
499.9
504.1
475.1
252.2
139.2
241.1
295.9
206.6
62.1
21.5
19.0
12.5
139.5
246.8
191.6
56.1
