525.5
516.3
508.0
453.3
468.2
500.8
521.3
599.2
526.7
497.3
515.4
515.6
514.6
525.4
503.7
506.3
526.4
484.1
477.4
521.8
540.9
548.8
533.7
502.2
507.8
551.7
510.2
378.4
466.8
499.5
512.7
517.9
509.6
493.0
499.2
492.6
488.6
507.7
532.0
495.6
452.4
447.8
444.8
447.1
478.7
495.9
496.4
501.5
512.6
554.7
562.8
574.0
539.9
516.4
494.3
492.9
507.9
516.4
519.4
523.1
515.4
517.5
467.4
484.4
496.7
495.1
502.7
469.2
491.1
536.1
503.6
500.4
500.9
510.7
531.6
529.2
516.9
509.2
507.1
524.6
501.8
503.3
531.2
542.2
543.0
536.9
562.4
561.5
554.4
543.7
547.4
537.7
495.1
512.7
496.6
516.4
535.8
516.2
515.3
513.1
509.9
486.2
534.7
538.6
498.4
488.6
466.9
477.2
499.7
515.3
513.2
481.2
482.6
504.7
505.0
489.7
497.0
499.1
504.6
521.4
505.9
515.3
542.6
561.9
511.4
562.8
545.0
482.3
484.1
521.6
500.5
506.0
521.6
443.8
496.3
498.9
505.5
517.9
509.1
512.9
529.5
512.6
504.5
505.8
523.0
519.6
527.9
502.3
515.2
510.9
496.5
510.3
532.1
512.0
500.5
539.5
542.4
532.5
540.2
540.0
564.8
575.8
562.0
560.2
527.2
492.6
495.6
561.9
566.0
538.6
535.6
523.2
509.4
514.0
546.2
526.3
520.2
516.9
510.4
494.9
511.4
512.9
501.7
489.4
476.4
504.6
491.0
507.4
512.0
501.4
520.9
536.2
527.6
498.9
512.7
518.3
509.1
524.1
526.6
515.3
486.1
490.3
517.0
506.4
525.6
548.9
540.7
525.9
512.4
502.0
519.5
499.1
490.1
495.1
460.6
450.5
486.8
535.1
560.6
558.5
559.2
552.9
563.7
545.2
541.5
532.8
517.0
515.6
530.3
564.4
566.4
579.3
557.3
520.2
509.8
517.2
528.8
545.4
516.9
519.1
534.7
515.9
483.4
508.3
514.6
521.9
525.4
534.8
536.3
532.4
533.2
513.5
518.9
517.7
507.9
499.0
522.5
525.8
533.7
552.0
530.0
528.8
544.4
539.1
555.0
550.7
522.0
512.2
509.3
501.6
467.1
477.1
499.0
448.7
452.0
512.7
487.7
454.1
452.9
445.6
470.7
502.7
520.5
482.9
521.8
550.7
495.4
439.5
433.8
459.1
485.2
508.2
517.0
513.3
506.7
482.3
506.6
510.0
519.8
536.1
514.5
510.6
529.7
530.2
522.3
526.3
524.7
529.6
525.5
506.1
496.3
510.4
494.2
489.6
498.4
512.2
515.0
511.2
520.7
515.1
513.3
535.7
520.8
528.2
527.2
512.8
498.0
505.7
508.0
471.0
455.4
491.5
515.5
508.0
515.1
523.9
565.1
537.3
538.1
522.0
512.7
520.5
524.3
516.0
514.7
515.4
503.6
525.0
519.1
523.4
534.9
520.6
511.3
513.9
517.1
515.8
533.3
543.4
540.0
524.5
462.0
463.5
493.3
499.4
499.6
504.3
504.3
525.5
526.3
515.7
501.4
498.9
510.4
542.9
551.1
534.9
536.0
535.3
529.9
549.6
542.2
535.9
515.6
525.2
525.2
524.3
528.9
513.2
516.7
516.2
495.5
514.0
475.0
458.2
486.8
496.5
510.6
522.3
515.0
523.6
514.5
521.5
541.4
532.1
530.5
521.2
517.7
515.4
507.6
528.7
548.2
527.7
525.9
535.7
549.3
566.2
533.1
501.0
497.5
509.1
501.4
470.6
484.5
529.7
558.7
573.2
561.8
561.1
547.3
545.5
533.1
522.4
509.3
505.0
529.1
544.5
551.9
516.7
514.4
488.1
505.7
498.5
517.7
515.1
510.6
535.4
510.0
456.1
488.1
497.8
498.0
506.0
507.0
522.7
504.7
507.7
508.8
450.2
448.1
496.0
508.0
492.8
493.0
497.5
502.4
516.0
527.9
510.0
506.9
503.1
531.5
533.0
521.6
524.3
468.5
232.8
187.3
193.1
84.3
107.3
175.5
214.1
271.6
168.9
68.3
27.9
42.8
170.7
223.4
178.4
82.6
45.5
163.3
112.0
87.9
117.6
52.6
138.7
138.5
112.8
254.0
199.5
148.6
190.4
86.8
67.9
159.7
154.2
243.7
269.5
185.3
85.2
38.8
131.7
217.3
215.8
108.0
47.0
65.4
204.6
274.1
233.4
287.7
293.0
350.2
416.0
439.8
467.8
482.7
529.4
532.0
510.5
573.0
541.2
480.6
499.7
528.6
515.1
519.8
503.5
455.2
507.9
486.2
533.2
556.3
558.1
532.8
504.2
508.5
497.0
511.4
515.8
495.9
498.3
518.0
543.0
