766.0
766.0
766.0
766.0
766.2
781.6
767.2
766.0
783.5
842.0
842.0
842.0
842.0
842.0
842.0
842.0
842.0
777.4
808.3
842.0
842.0
842.0
842.0
842.0
842.0
842.0
842.0
842.0
838.4
822.2
816.1
807.3
776.9
784.7
842.0
842.0
842.0
842.0
842.0
842.0
842.0
842.0
842.0
842.0
842.0
842.0
842.0
842.0
842.0
842.0
842.0
842.0
842.0
842.0
842.0
842.0
842.0
842.0
842.0
842.0
842.0
842.0
842.0
842.0
842.0
842.0
842.0
842.0
842.0
842.0
842.0
842.0
842.0
842.0
842.0
842.0
842.0
842.0
842.0
842.0
842.0
842.0
842.0
842.0
842.0
842.0
842.0
842.0
842.0
842.0
842.0
842.0
842.0
842.0
842.0
842.0
842.0
842.0
842.0
842.0
827.0
766.0
766.0
766.0
766.0
766.0
786.3
842.0
842.0
842.0
842.0
842.0
842.0
842.0
842.0
842.0
842.0
842.0
842.0
842.0
842.0
842.0
842.0
842.0
842.0
842.0
842.0
842.0
842.0
842.0
842.0
842.0
842.0
842.0
842.0
842.0
842.0
842.0
842.0
842.0
842.0
842.0
842.0
842.0
842.0
821.3
803.9
803.2
766.0
787.5
842.0
842.0
842.0
842.0
842.0
842.0
842.0
842.0
842.0
842.0
842.0
842.0
842.0
842.0
842.0
842.0
842.0
842.0
842.0
842.0
842.0
842.0
842.0
842.0
842.0
842.0
842.0
842.0
842.0
842.0
842.0
842.0
842.0
842.0
842.0
842.0
842.0
842.0
842.0
842.0
842.0
842.0
842.0
842.0
842.0
842.0
842.0
842.0
842.0
842.0
842.0
842.0
842.0
842.0
842.0
842.0
842.0
842.0
842.0
842.0
842.0
842.0
842.0
842.0
842.0
842.0
842.0
842.0
842.0
842.0
842.0
842.0
842.0
842.0
842.0
842.0
842.0
842.0
842.0
842.0
842.0
842.0
842.0
842.0
842.0
842.0
842.0
842.0
842.0
842.0
842.0
842.0
842.0
842.0
842.0
842.0
842.0
842.0
842.0
842.0
842.0
842.0
842.0
842.0
842.0
842.0
842.0
842.0
842.0
842.0
842.0
842.0
842.0
842.0
842.0
842.0
842.0
842.0
842.0
842.0
842.0
842.0
842.0
842.0
842.0
842.0
842.0
842.0
842.0
842.0
842.0
842.0
842.0
842.0
842.0
842.0
842.0
842.0
842.0
842.0
842.0
842.0
842.0
842.0
842.0
842.0
842.0
842.0
842.0
842.0
842.0
842.0
842.9
842.6
842.0
842.8
843.0
843.0
843.0
843.0
843.0
843.0
843.0
843.0
843.0
843.0
843.0
843.0
842.8
842.5
843.0
843.0
843.0
843.0
843.0
843.0
843.0
842.8
842.0
842.0
842.0
842.0
842.6
818.2
767.2
843.0
843.0
843.0
843.0
