766.000
766.988
788.192
827.332
837.136
842.000
842.000
842.000
842.000
842.000
842.000
841.316
825.660
842.000
842.000
842.000
842.000
842.000
842.000
842.000
842.000
842.000
842.000
835.236
842.000
842.000
824.520
834.704
842.000
842.000
842.000
835.540
842.000
842.000
842.000
842.000
842.000
842.000
842.000
842.000
842.000
842.000
842.000
842.000
842.000
842.000
842.000
842.000
842.000
842.000
842.000
842.000
842.000
842.000
842.000
842.000
842.000
842.000
842.000
842.000
842.000
842.000
842.000
842.000
842.000
842.000
842.000
842.000
842.023
842.001
842.000
842.066
842.428
842.000
842.162
842.194
842.000
842.167
842.169
842.167
858.548
872.569
852.472
842.000
856.399
844.541
877.728
848.237
855.321
894.745
895.592
892.204
896.747
904.139
889.971
886.737
842.000
842.000
842.000
842.205
842.000
842.042
842.000
842.000
844.182
