1715.272
1747.308
1694.086
1615.188
1646.685
1597.044
1620.832
1621.454
1616.595
1627.430
1616.063
1583.785
1595.942
1596.512
1656.271
1694.623
1714.476
1722.865
1666.767
1641.621
1679.739
1731.193
1725.544
1723.795
1782.144
1788.047
1666.075
1654.713
1687.049
1722.794
1755.209
1701.375
1679.601
1666.612
1692.440
1713.915
1724.650
1721.920
1692.915
1652.545
1719.079
1675.476
1718.262
1732.644
1733.842
1714.482
1727.544
1725.732
1684.758
1646.702
1629.287
1638.274
1540.792
1592.801
1598.108
1605.119
1581.507
1648.861
1673.711
1617.222
1618.172
1612.890
1666.400
1676.102
1629.990
1604.810
1639.167
1646.490
1666.383
1603.820
1679.310
1642.294
1614.372
1610.323
1569.353
1588.396
1663.966
1681.686
1658.624
1647.261
1665.959
1683.969
1682.649
1646.854
1673.756
1664.041
1679.797
1688.538
1682.425
1638.236
1638.077
1677.736
1661.499
1684.601
1628.603
1626.760
1652.453
1651.658
1712.835
1696.716
1663.253
1656.775
1595.620
1686.193
1712.793
1679.251
1693.775
1648.724
1692.725
1667.000
1712.549
1699.015
1752.991
1726.771
1757.013
1707.490
1679.640
1714.064
1686.386
1480.704
1347.235
1573.990
1526.081
1606.865
1753.483
1778.848
1738.646
1763.021
1762.546
1773.357
1776.644
1738.778
1715.827
1705.738
1606.183
1621.060
1649.750
1617.412
1636.508
1631.301
1629.154
1594.118
1642.568
1603.637
1626.209
1601.737
1648.881
1639.113
1636.032
1621.744
1638.787
1637.824
1653.664
1647.654
1671.368
1686.720
1706.766
1708.037
1712.350
1692.035
1719.969
1686.705
1684.306
1666.509
1640.651
1631.909
1701.460
1721.169
1691.967
1674.360
1673.396
1670.410
1696.671
1706.752
1670.172
1680.670
1679.539
1702.536
1735.167
1686.139
1676.836
1699.291
1694.416
1715.357
1699.947
1712.760
1713.218
1688.297
1765.814
1806.398
1841.716
1783.827
1703.391
1778.544
1811.053
1844.891
1822.262
1842.734
1738.417
1758.651
1790.358
1794.370
1814.632
1789.483
1803.269
1784.567
1781.296
1728.596
1723.284
1691.613
1705.006
1733.176
1721.405
1677.288
1691.267
1700.335
1722.411
1718.409
