2049.952
2048.660
2086.965
2103.458
2076.165
2068.468
2067.002
2065.000
2064.468
2064.631
2105.117
2136.995
2135.455
2137.303
2081.555
2087.792
2076.550
2079.630
2130.835
2128.525
2103.500
2065.924
2063.024
2013.548
1955.193
1825.451
2008.143
2103.346
2105.810
2074.779
2071.237
2075.626
2092.643
2081.324
2076.858
2080.092
2066.540
2066.540
2087.022
2115.743
2103.509
2090.179
2067.466
2064.088
2090.641
2135.301
2106.734
2073.316
2076.242
2083.172
2065.000
2089.717
2116.205
2101.652
2103.269
2098.110
2090.333
2114.357
2112.432
2112.971
2115.050
2110.584
2065.462
2066.155
2065.000
2088.793
2108.428
2118.823
2142.000
2081.667
2148.548
2095.491
2154.390
2157.364
2137.114
2157.136
2126.841
2135.027
2147.041
2144.822
2146.016
2100.249
2141.251
2137.262
2143.984
2142.955
2133.738
2138.758
2134.804
2158.250
2126.504
2142.978
2047.847
2157.163
2160.708
2121.363
2133.529
2071.117
2065.000
2069.254
2063.939
2098.806
2134.447
2097.956
2067.695
2071.904
2107.196
2113.818
2093.105
2079.322
2075.241
2068.311
2087.987
2139.459
2141.153
2123.520
2080.631
2065.000
2075.626
2117.461
2140.986
2123.289
2138.920
2090.102
2070.852
2098.572
2112.509
2132.760
2124.829
2133.607
2079.013
2089.908
2065.927
2068.893
2088.100
2092.643
2073.470
2065.000
2090.333
2084.019
2098.726
2109.737
2132.144
2105.887
2100.651
2118.515
2125.291
2132.683
2078.352
2080.939
2070.082
2087.419
2131.528
2178.734
2160.079
2127.193
2142.435
2150.885
2119.876
2142.297
2142.000
2142.776
2124.931
2198.155
2141.028
2157.700
2172.594
2141.439
2109.960
2145.246
2124.633
2132.647
2142.435
2141.698
2163.768
2177.734
2124.147
2151.762
2150.812
2114.145
2136.174
2149.077
2156.364
2127.071
2134.589
2139.968
2139.503
2142.244
2147.749
2079.767
2103.662
2141.615
2149.693
2174.568
2134.146
2124.136
2130.461
2142.000
2153.245
2157.940
2192.844
2168.068
2175.592
2178.936
2142.380
2139.115
2176.485
2158.796
2157.048
2178.784
2171.488
2186.536
2166.624
2136.384
2203.319
2184.484
2143.800
2124.383
2113.381
