505.258
470.470
463.818
480.486
497.164
506.398
518.767
493.763
508.241
481.230
499.342
520.990
517.684
520.515
527.146
506.094
513.048
501.260
490.666
518.961
491.407
484.920
494.354
513.385
499.513
500.784
518.387
515.974
501.781
520.762
487.090
484.738
487.603
511.186
520.914
504.080
499.823
493.344
491.218
466.039
498.371
494.219
508.792
531.689
492.588
462.805
102.233
85.253
51.406
55.150
8.056
56.862
89.721
101.863
96.126
68.065
61.343
39.965
56.847
64.001
87.708
85.771
38.058
32.458
91.763
117.564
468.526
502.826
503.263
509.555
516.153
493.706
517.210
486.004
497.981
501.674
479.122
435.836
494.504
496.043
467.504
348.478
481.347
497.411
487.393
465.748
471.747
394.126
495.466
503.433
490.817
490.400
497.943
510.217
511.623
492.091
522.643
509.875
490.799
491.407
503.149
519.052
164.279
55.512
58.310
8.293
92.392
60.842
51.955
54.029
42.986
89.425
66.911
70.968
239.587
17.879
42.986
82.045
34.501
65.583
55.216
109.017
55.175
9.842
44.134
79.085
273.840
61.642
46.874
92.933
46.399
45.873
25.794
50.652
180.626
47.992
122.337
45.751
60.451
56.086
95.626
129.547
75.465
46.796
93.198
137.681
