1487.750
1530.711
1502.041
1544.231
1583.010
1711.552
1661.334
1684.104
1630.047
1634.246
1627.786
1648.497
1621.516
1589.918
1601.203
1675.342
1617.032
1603.436
1720.794
1707.528
1773.813
1720.005
1692.472
1718.737
1673.988
1755.402
1720.498
1691.667
1672.369
1618.647
1614.239
1642.901
1565.793
1580.886
1603.257
1637.913
1611.563
1561.337
1575.276
1603.162
1627.349
1626.437
1624.252
1564.275
1699.383
1718.232
1742.007
1763.990
1625.591
1685.624
1753.920
1660.640
1721.370
1749.241
1686.418
1754.106
1689.760
1720.161
1677.421
1699.284
1683.691
1689.533
1553.268
1569.727
1746.193
1684.689
1651.417
1713.829
1729.078
1722.038
1719.705
1727.381
1699.168
1669.710
1716.312
1748.422
1712.031
1700.040
1618.571
1636.849
1593.579
1630.275
1597.804
1616.652
1638.673
1619.768
1630.313
1620.920
1586.901
1612.301
1632.726
1613.574
1664.558
1637.210
1607.969
1576.183
1639.737
1654.196
1705.206
1693.069
1673.175
1665.441
1704.117
1712.204
1700.945
1651.688
1635.660
1709.613
1716.571
1686.473
1690.274
1676.587
1696.751
1739.685
1730.255
1716.694
1728.148
1736.801
1751.669
1803.997
1793.444
1734.082
1619.541
1637.853
1777.394
1741.016
1747.758
1770.691
1788.448
1749.892
1772.608
1726.995
1832.663
1846.301
1850.645
1842.453
1829.765
1830.398
1844.487
1833.106
1837.789
1800.876
1731.645
1760.209
1726.502
1698.155
1674.199
1657.690
1680.085
1705.998
1652.752
1683.701
1699.581
1705.355
1767.182
1660.280
