2021.046
2065.000
2090.487
2099.958
2051.729
2021.908
2063.669
2036.996
2041.440
2025.480
1989.000
2054.588
2065.000
2063.024
2059.908
2047.976
2041.592
2063.350
2041.136
2059.832
2062.264
2025.024
2020.464
2058.616
2047.976
2042.884
2058.692
2003.516
2076.858
2058.844
2054.311
2053.827
2005.872
2036.192
2103.577
2067.619
2048.052
2061.884
2051.092
2053.220
2077.016
2067.002
2065.000
2068.003
2048.087
2017.044
2053.828
2072.084
2078.167
2035.968
1997.892
2010.508
2061.504
2062.188
2056.969
2054.320
2050.940
2064.184
2065.000
2048.148
2064.240
2022.896
2055.880
2104.732
2070.698
2064.316
2067.156
2096.975
2065.000
2062.586
2067.558
2087.566
2065.000
2050.560
2022.136
2094.414
2072.469
2101.806
2053.828
2047.672
2066.402
2094.568
2087.869
2065.000
2024.522
2015.600
2038.722
2104.270
2092.797
2065.000
2021.832
2031.205
2074.086
2082.864
2075.087
2043.264
2021.072
2054.056
2094.106
2065.308
2111.662
2003.629
2102.080
2146.104
2156.516
2142.000
2112.047
2096.262
2133.754
2153.595
2117.299
2072.103
2102.422
2111.431
2116.635
2117.514
2078.057
2107.504
2074.927
2076.822
2063.518
2057.248
2082.421
2053.706
2046.608
2060.017
2056.023
2044.965
2004.732
2033.232
2039.702
2032.320
2014.764
2058.453
2081.401
2071.183
2088.331
2081.170
2046.682
2067.245
2068.850
2065.182
2076.088
2089.332
2094.106
2086.637
2080.395
2146.787
2149.489
2077.416
2162.900
2144.964
2197.176
2156.885
2145.192
2122.134
2110.045
2088.485
