691.079
656.299
610.534
571.416
592.620
604.800
585.780
577.572
585.400
650.194
668.364
688.769
674.139
696.161
700.165
667.209
584.518
686.382
689.539
707.557
694.159
683.841
698.240
705.016
680.145
686.382
687.383
697.393
692.773
702.860
702.321
610.026
586.540
576.979
557.964
588.553
558.550
612.115
616.558
590.340
605.306
630.557
607.440
607.546
619.623
619.361
645.273
637.765
609.225
590.274
663.073
680.840
665.845
657.091
661.960
687.404
686.922
692.160
664.645
664.859
646.907
644.434
634.228
649.200
713.178
716.181
681.311
703.612
724.882
696.161
726.345
706.479
690.796
743.285
756.683
761.026
720.108
723.034
470.734
517.492
553.536
746.211
756.221
766.000
763.523
768.114
723.419
715.873
607.625
617.648
610.100
614.618
612.345
601.243
610.586
598.700
618.087
632.563
620.085
610.031
619.394
664.078
671.521
673.215
671.059
693.851
686.921
687.537
686.690
620.123
651.545
680.145
683.148
646.573
643.031
673.985
679.837
673.446
674.216
673.677
682.609
672.548
681.839
691.618
698.317
772.527
812.588
771.787
762.710
800.732
806.204
689.683
789.256
784.316
784.924
797.768
756.908
708.019
714.487
695.468
688.461
697.778
689.924
687.614
