1670.793
1794.265
1751.929
1605.161
1659.129
1702.585
1696.571
1812.333
1827.818
1602.200
1624.952
1674.120
1658.063
1613.250
1598.255
1638.338
1606.816
1647.964
1651.847
1585.525
1688.361
1622.429
1606.715
1609.702
1620.505
1504.359
1548.348
1457.684
1520.288
1612.548
1609.601
1558.180
1567.412
1586.631
1568.859
1616.371
1532.773
1463.467
1656.801
1719.438
1738.440
1640.282
1618.822
1589.143
1642.678
1582.809
1509.137
1677.278
1503.719
1430.881
1496.911
1452.067
1518.617
1573.289
1642.360
1469.344
1552.056
1543.363
1499.826
1389.169
1416.469
1505.461
1477.570
1374.738
1298.126
1333.470
1328.043
1328.137
1373.339
1453.058
1444.655
1446.329
1481.013
1456.828
1414.857
1408.889
1294.188
1419.729
1472.507
1534.784
1460.901
1462.481
1541.376
1553.963
1533.212
1538.855
1581.590
1602.513
1640.426
1533.955
1548.478
1591.764
1496.814
1426.179
1627.081
1506.647
1419.075
897.745
839.724
895.567
896.717
1036.708
