1231.095
1248.702
1302.056
1325.375
1354.257
1358.380
1318.763
1325.290
1289.226
1278.992
1228.769
1226.641
1309.593
1356.081
1384.367
1386.080
1352.883
1392.717
1400.691
1424.737
1411.710
1401.798
1300.386
1261.398
1407.851
1418.055
1403.312
1381.731
1415.769
1382.500
1344.710
1370.541
1387.450
1396.769
1315.688
1328.248
1379.147
1391.954
1361.496
1334.056
1340.937
1373.846
1369.701
1410.651
1354.485
1343.758
1390.917
1328.522
1320.679
1402.421
1390.254
1392.050
1381.212
1390.269
1378.539
1383.431
1362.332
1385.360
1336.695
1365.866
1387.792
1381.636
1346.923
1359.349
1357.468
1361.078
1329.177
1366.512
1358.836
1299.828
1224.190
1213.246
1299.261
1364.403
1387.319
1365.581
1357.221
1365.991
1334.779
1324.975
1320.228
1351.179
1345.669
1364.883
1367.222
1384.277
1379.432
1369.723
1371.376
1379.223
1382.423
1369.895
1366.037
1346.068
1370.639
1281.626
1119.170
1022.626
1030.359
1038.415
1036.439
1061.555
