324.242
479.802
696.188
736.780
671.891
569.208
584.238
591.185
876.634
1056.861
1006.625
1050.167
1113.305
1070.827
1050.151
797.332
1149.965
1158.110
1151.650
1141.253
982.021
1114.230
1051.282
1030.036
1150.344
802.947
637.418
887.964
992.107
1042.319
1063.785
997.741
1051.208
1144.076
1162.385
1080.624
1109.011
1093.837
1134.118
1074.774
1166.776
1142.721
1140.996
1141.762
1096.526
1145.843
982.026
766.000
944.358
1168.623
1164.430
1067.313
960.513
781.939
932.389
813.390
900.715
853.695
881.858
1035.591
1111.931
1112.776
1151.069
1043.208
405.455
230.000
230.000
230.198
