353.832
299.770
512.106
488.932
490.668
425.718
317.126
170.810
282.416
344.452
351.823
219.638
241.130
215.486
342.202
298.238
286.329
292.699
155.661
216.211
73.688
214.726
208.139
283.795
98.995
221.653
71.173
258.012
82.875
269.486
245.179
308.649
70.472
314.785
92.642
172.090
150.232
252.119
114.758
246.942
117.692
85.335
63.988
52.579
107.084
52.467
58.059
79.136
101.067
116.938
126.460
123.642
22.529
126.291
86.583
51.619
55.567
142.266
96.777
56.448
113.345
77.708
33.272
49.244
105.288
67.532
31.064
204.751
