418.827
595.068
737.975
721.995
1049.710
899.984
949.322
938.567
1015.059
949.087
1031.816
1062.096
728.270
967.100
1083.664
1120.740
1152.267
1137.279
1137.212
1109.677
1075.745
975.275
1108.883
1095.408
1135.063
1133.600
1110.135
1061.864
790.826
1007.302
1140.068
1108.036
1115.257
1067.674
1120.356
1153.408
1134.207
1121.850
1157.072
1164.438
1121.665
1104.415
1121.791
1154.973
909.557
1167.546
1132.758
1139.837
1146.700
1147.906
1065.285
1149.948
1066.851
981.589
1141.916
1143.207
1166.547
1111.641
1136.225
1143.994
1141.750
1015.008
951.714
1154.699
1149.207
1155.671
1107.004
880.701
893.117
1135.569
1163.906
1148.268
1169.876
1154.067
1146.361
1117.036
999.224
623.272
