767.617
766.000
766.000
766.000
771.548
766.228
766.000
766.000
766.000
766.000
776.716
773.752
766.000
766.000
766.000
773.448
766.000
774.892
766.000
766.228
774.664
766.000
766.000
766.000
777.552
766.000
771.168
766.000
766.000
766.000
768.812
766.000
766.912
777.856
774.284
766.000
776.564
803.455
779.552
794.552
774.059
786.748
766.000
819.190
792.565
779.606
799.033
803.067
794.759
810.579
794.906
802.554
773.392
779.003
774.602
788.341
792.157
785.631
780.877
788.253
808.966
799.264
799.187
775.394
777.550
815.137
789.184
828.524
782.170
797.031
812.277
829.217
800.650
822.826
825.820
770.620
768.002
766.000
766.000
