1364.079
1324.789
1345.680
1330.545
1318.615
1307.148
1395.172
1402.591
1278.565
1334.642
1313.722
1271.346
1268.058
1202.625
1246.453
1402.138
1362.801
1392.124
1306.970
1230.992
1322.855
1374.092
1377.817
1397.692
1383.408
1378.102
1395.605
1385.143
1375.556
1366.306
1408.269
1298.509
1340.268
1352.733
1368.982
1374.767
1393.094
1397.280
1369.875
1390.957
1370.768
1348.063
1355.359
1234.828
1278.187
1397.047
1370.027
1351.996
1365.525
1389.597
1362.854
1376.472
1366.797
1365.885
1392.414
1411.225
1362.123
1391.884
1405.408
1382.776
1387.698
1379.976
1358.589
1361.477
1406.346
1391.853
1383.830
1270.212
1373.048
1384.802
1402.566
1392.152
1371.965
1397.083
1380.059
1376.182
1376.978
1355.568
1370.179
1341.365
1353.345
1368.811
1388.446
1378.197
1367.842
1384.391
1352.433
1360.375
1388.811
1384.610
1378.922
1377.457
1372.924
1333.634
1272.295
1383.460
1389.485
1376.278
1369.879
1388.502
1372.778
1334.201
1374.629
1376.475
1391.751
1400.012
1378.980
1372.003
1388.434
1398.081
1383.928
1372.535
1351.198
1348.006
1335.179
1243.238
1189.553
